2 0.0000 0 0.0000 -1.0000 -1.0000 -1.0000 -1.0000 1.9406 1.4851 4.5636 -16.5045 -37.0088 0.7346 -1.5561 0.6970
2 0.0000 0 0.0000 -1.0000 -1.0000 -1.0000 -1.0000 1.9689 1.5073 4.5944 68.3228 8.9482 0.3223 3.0123 0.6836
2 0.0000 0 0.0000 -1.0000 -1.0000 -1.0000 -1.0000 1.9616 1.6472 4.6255 44.4752 33.4180 0.7945 -0.0398 0.6014
2 0.0000 0 0.0000 -1.0000 -1.0000 -1.0000 -1.0000 1.9637 1.5178 4.6250 -55.5557 8.8684 1.0387 -2.9952 0.5666
2 0.0000 0 0.0000 -1.0000 -1.0000 -1.0000 -1.0000 1.9200 1.4861 4.4467 40.6003 9.4133 0.4686 3.0572 0.5513
2 0.0000 0 0.0000 -1.0000 -1.0000 -1.0000 -1.0000 1.9644 1.7095 4.6523 33.8235 34.6203 0.7933 -1.7351 0.5369
2 0.0000 0 0.0000 -1.0000 -1.0000 -1.0000 -1.0000 1.9650 1.4856 4.5504 44.4766 36.8508 0.7466 -2.7473 0.5240
2 0.0000 0 0.0000 -1.0000 -1.0000 -1.0000 -1.0000 1.9862 1.8507 4.7695 -44.5703 5.2361 1.0794 0.0880 0.5019
2 0.0000 0 0.0000 -1.0000 -1.0000 -1.0000 -1.0000 1.9397 1.5845 4.6112 -72.5469 -6.9158 1.3540 2.1708 0.4112
2 0.0000 0 0.0000 -1.0000 -1.0000 -1.0000 -1.0000 1.9300 1.4955 4.5784 36.5015 33.7093 0.6783 -1.8379 0.4081
2 0.0000 0 0.0000 -1.0000 -1.0000 -1.0000 -1.0000 2.0203 1.6353 4.7109 35.6889 26.0081 0.6739 2.4731 0.3702
2 0.0000 0 0.0000 -1.0000 -1.0000 -1.0000 -1.0000 1.9366 1.6495 4.6335 -81.4487 5.5114 1.4214 -3.0361 0.3541
2 0.0000 0 0.0000 -1.0000 -1.0000 -1.0000 -1.0000 1.9277 1.5021 4.5553 32.5284 39.7570 0.7224 -0.0583 0.3189
2 0.0000 0 0.0000 -1.0000 -1.0000 -1.0000 -1.0000 1.8770 1.6254 4.5006 39.0979 27.1352 0.6619 1.6804 0.3179
5 0.0000 0 0.0000 -1.0000 -1.0000 -1.0000 -1.0000 1.0969 1.6237 2.6241 -16.4954 17.8101 0.8487 -0.4780 0.3494
3 0.0000 0 0.0000 -1.0000 -1.0000 -1.0000 -1.0000 0.7534 1.5460 1.7412 -29.2660 20.2424 1.0154 -2.0945 0.4436
3 0.0000 0 0.0000 -1.0000 -1.0000 -1.0000 -1.0000 0.7325 1.4968 1.7485 -17.0056 27.0957 0.8504 -1.7807 0.4367
3 0.0000 0 0.0000 -1.0000 -1.0000 -1.0000 -1.0000 0.8199 1.6139 1.8285 -19.7993 -0.9076 0.8819 -1.7036 0.3664
3 0.0000 0 0.0000 -1.0000 -1.0000 -1.0000 -1.0000 0.9831 1.6088 2.0094 -16.2840 17.9150 0.8492 -0.4814 0.3370
