2 0.0000 0 0.0000 -1.0000 -1.0000 -1.0000 -1.0000 1.9366 1.9248 4.4562 -18.0026 8.2130 1.1395 -2.8561 0.6614
2 0.0000 0 0.0000 -1.0000 -1.0000 -1.0000 -1.0000 1.8453 1.4558 4.4291 -46.6147 10.1057 1.2664 0.0034 0.6490
2 0.0000 0 0.0000 -1.0000 -1.0000 -1.0000 -1.0000 1.8989 1.4608 4.4921 -40.2838 10.2360 1.1955 -3.0239 0.6410
2 0.0000 0 0.0000 -1.0000 -1.0000 -1.0000 -1.0000 1.9449 1.4852 4.5894 -2.8541 -36.5297 0.5944 -1.7327 0.5969
2 0.0000 0 0.0000 -1.0000 -1.0000 -1.0000 -1.0000 1.8793 1.5171 4.5650 -54.6270 10.0527 1.4859 0.0453 0.5407
2 0.0000 0 0.0000 -1.0000 -1.0000 -1.0000 -1.0000 1.9468 1.7784 4.5678 50.1260 33.2335 0.7920 1.4684 0.5174
2 0.0000 0 0.0000 -1.0000 -1.0000 -1.0000 -1.0000 1.8859 1.5284 4.5413 -55.6343 -8.8390 1.0737 -1.4429 0.4644
2 0.0000 0 0.0000 -1.0000 -1.0000 -1.0000 -1.0000 1.9889 1.4718 4.6354 48.5286 38.5876 0.6450 -0.0882 0.4391
2 0.0000 0 0.0000 -1.0000 -1.0000 -1.0000 -1.0000 1.9248 1.7302 4.5780 60.4831 31.4689 0.6993 0.1243 0.3934
2 0.0000 0 0.0000 -1.0000 -1.0000 -1.0000 -1.0000 1.9067 1.6651 4.6369 -65.8656 7.6129 1.6648 -3.0790 0.3728
2 0.0000 0 0.0000 -1.0000 -1.0000 -1.0000 -1.0000 1.9053 1.5367 4.5219 51.2538 24.5623 0.5424 -0.8675 0.3367
2 0.0000 0 0.0000 -1.0000 -1.0000 -1.0000 -1.0000 1.8990 1.5833 4.5404 60.1404 35.0904 0.7209 1.7305 0.3211
3 0.0000 0 0.0000 -1.0000 -1.0000 -1.0000 -1.0000 0.8316 1.5650 1.8281 -4.8993 -10.1805 0.6801 -1.2821 0.5282
3 0.0000 0 0.0000 -1.0000 -1.0000 -1.0000 -1.0000 0.8299 1.6019 1.7677 4.4905 12.9353 0.8737 -0.7066 0.4928
3 0.0000 0 0.0000 -1.0000 -1.0000 -1.0000 -1.0000 0.8746 1.6220 1.8738 -2.6579 13.6671 0.8138 -1.9463 0.4829
3 0.0000 0 0.0000 -1.0000 -1.0000 -1.0000 -1.0000 0.7126 1.3426 1.7170 -35.5959 12.6202 1.1217 -0.3641 0.4406
3 0.0000 0 0.0000 -1.0000 -1.0000 -1.0000 -1.0000 0.7016 1.3476 1.7196 -12.8534 25.5620 1.0255 1.4443 0.4172
3 0.0000 0 0.0000 -1.0000 -1.0000 -1.0000 -1.0000 0.7729 1.5476 1.7361 -14.2003 20.7982 1.0574 1.2238 0.3364
1 0.0000 0 0.0000 -1.0000 -1.0000 -1.0000 -1.0000 0.6904 1.6847 0.6250 12.2178 -37.1464 0.6717 -3.0379 0.5224
1 0.0000 0 0.0000 -1.0000 -1.0000 -1.0000 -1.0000 0.7129 1.7000 0.6711 -49.0748 20.2487 1.7688 -0.0558 0.4280
