2 0.0000 0 0.0000 -1.0000 -1.0000 -1.0000 -1.0000 1.8613 1.4673 4.4219 -31.6810 11.9115 1.0572 -0.0371 0.6646
2 0.0000 0 0.0000 -1.0000 -1.0000 -1.0000 -1.0000 1.8989 1.4445 4.4319 -39.7493 12.0890 1.2459 -0.0012 0.6348
2 0.0000 0 0.0000 -1.0000 -1.0000 -1.0000 -1.0000 1.9116 1.5101 4.5716 10.0338 -37.3792 1.5618 1.4487 0.6090
2 0.0000 0 0.0000 -1.0000 -1.0000 -1.0000 -1.0000 1.9144 1.4655 4.5197 -25.2224 11.5035 0.9606 -3.0799 0.6049
2 0.0000 0 0.0000 -1.0000 -1.0000 -1.0000 -1.0000 1.9030 1.4856 4.5262 -44.7093 8.1369 1.5521 1.8046 0.5720
2 0.0000 0 0.0000 -1.0000 -1.0000 -1.0000 -1.0000 2.0711 1.9011 4.6618 12.2919 15.7836 0.5140 -2.4170 0.4904
2 0.0000 0 0.0000 -1.0000 -1.0000 -1.0000 -1.0000 1.9367 1.7972 4.5410 65.9755 30.0435 -0.4221 1.2634 0.4584
2 0.0000 0 0.0000 -1.0000 -1.0000 -1.0000 -1.0000 1.9620 1.6055 4.6168 65.1452 34.9590 -0.6892 3.0757 0.4076
2 0.0000 0 0.0000 -1.0000 -1.0000 -1.0000 -1.0000 1.9684 1.6492 4.6502 67.4167 21.2051 -0.4494 -0.9264 0.3872
2 0.0000 0 0.0000 -1.0000 -1.0000 -1.0000 -1.0000 1.8114 1.5752 4.2627 75.4748 35.8855 -0.3481 -0.9992 0.3369
2 0.0000 0 0.0000 -1.0000 -1.0000 -1.0000 -1.0000 1.9615 1.5882 4.6622 68.8866 28.2294 -0.4763 -2.0484 0.3359
3 0.0000 0 0.0000 -1.0000 -1.0000 -1.0000 -1.0000 0.8228 1.5838 1.8669 10.4133 -6.6500 0.9129 1.5596 0.5093
3 0.0000 0 0.0000 -1.0000 -1.0000 -1.0000 -1.0000 0.7006 1.3389 1.6797 -20.3376 13.6332 0.7792 0.0233 0.4817
3 0.0000 0 0.0000 -1.0000 -1.0000 -1.0000 -1.0000 0.7055 1.2134 1.7523 -18.4632 16.1673 0.7050 -1.6370 0.4668
3 0.0000 0 0.0000 -1.0000 -1.0000 -1.0000 -1.0000 0.8168 1.5494 1.8347 8.6756 -24.9652 1.0896 -1.5868 0.4208
3 0.0000 0 0.0000 -1.0000 -1.0000 -1.0000 -1.0000 0.7982 1.5688 1.7923 30.6799 -0.6424 0.6015 -0.9518 0.4159
3 0.0000 0 0.0000 -1.0000 -1.0000 -1.0000 -1.0000 0.8930 1.6180 1.8924 29.1130 -1.2069 0.6307 2.2271 0.4081
3 0.0000 0 0.0000 -1.0000 -1.0000 -1.0000 -1.0000 0.6623 1.1753 1.7296 -15.9361 16.0800 0.6273 1.5700 0.3563
3 0.0000 0 0.0000 -1.0000 -1.0000 -1.0000 -1.0000 0.6533 1.1590 1.7238 -14.7241 16.2322 0.6106 1.6591 0.3336
3 0.0000 0 0.0000 -1.0000 -1.0000 -1.0000 -1.0000 0.7272 1.4668 1.7709 6.9823 25.8683 0.3688 -1.2458 0.3026
1 0.0000 0 0.0000 -1.0000 -1.0000 -1.0000 -1.0000 0.7066 1.7025 0.6823 -29.6352 22.3562 1.3283 3.0744 0.6402
1 0.0000 0 0.0000 -1.0000 -1.0000 -1.0000 -1.0000 0.7267 1.7122 0.7018 29.3036 -38.9177 1.4533 -0.3143 0.4114
1 0.0000 0 0.0000 -1.0000 -1.0000 -1.0000 -1.0000 0.7069 1.6907 0.6568 20.2228 -36.5736 1.6328 2.9760 0.3556
