2 0.0000 0 0.0000 -1.0000 -1.0000 -1.0000 -1.0000 1.9136 1.4316 4.4660 -27.9142 10.9536 1.1601 -3.0559 0.7417
2 0.0000 0 0.0000 -1.0000 -1.0000 -1.0000 -1.0000 1.8337 1.4413 4.4425 -42.4247 11.0501 1.5780 -3.0344 0.6396
2 0.0000 0 0.0000 -1.0000 -1.0000 -1.0000 -1.0000 2.0967 2.0816 4.7360 5.5802 12.9170 0.8071 -2.5995 0.5372
2 0.0000 0 0.0000 -1.0000 -1.0000 -1.0000 -1.0000 1.9122 1.4911 4.5675 8.1299 -36.8313 1.3422 -1.6718 0.5349
2 0.0000 0 0.0000 -1.0000 -1.0000 -1.0000 -1.0000 1.9840 1.5986 4.6681 -49.2042 8.9109 1.8074 2.1820 0.5097
2 0.0000 0 0.0000 -1.0000 -1.0000 -1.0000 -1.0000 1.9322 1.6338 4.5918 62.0302 31.4860 -0.5297 1.4351 0.5073
2 0.0000 0 0.0000 -1.0000 -1.0000 -1.0000 -1.0000 1.8398 1.4371 4.4135 -34.4450 11.0364 1.3658 -3.1201 0.5067
2 0.0000 0 0.0000 -1.0000 -1.0000 -1.0000 -1.0000 2.0139 1.6156 4.7174 64.1946 22.5456 -0.4857 -0.8216 0.4214
2 0.0000 0 0.0000 -1.0000 -1.0000 -1.0000 -1.0000 1.8375 1.5376 4.3521 71.9070 37.9630 -0.4309 -1.0786 0.3145
2 0.0000 0 0.0000 -1.0000 -1.0000 -1.0000 -1.0000 1.9634 1.5981 4.6895 61.7116 36.6907 -0.8490 -0.0573 0.3142
3 0.0000 0 0.0000 -1.0000 -1.0000 -1.0000 -1.0000 0.8472 1.6163 1.8658 8.4532 -0.9446 0.7864 1.3249 0.5435
3 0.0000 0 0.0000 -1.0000 -1.0000 -1.0000 -1.0000 0.7846 1.5392 1.7771 6.7858 -19.3869 0.8601 -1.6772 0.5124
3 0.0000 0 0.0000 -1.0000 -1.0000 -1.0000 -1.0000 0.7345 1.4672 1.7653 2.9316 25.8199 0.4926 -1.3059 0.3408
3 0.0000 0 0.0000 -1.0000 -1.0000 -1.0000 -1.0000 0.6560 1.1827 1.6799 -21.4598 15.6503 0.8819 1.7609 0.3294
3 0.0000 0 0.0000 -1.0000 -1.0000 -1.0000 -1.0000 0.9235 1.5806 1.9301 22.7236 3.5371 0.5214 2.3348 0.3154
1 0.0000 0 0.0000 -1.0000 -1.0000 -1.0000 -1.0000 0.6868 1.6780 0.6375 -33.8125 21.6442 1.5619 0.0187 0.5269
1 0.0000 0 0.0000 -1.0000 -1.0000 -1.0000 -1.0000 0.7346 1.7216 0.7073 -17.7224 19.3803 1.1069 0.2292 0.4107
