2 0.0000 0 0.0000 -1.0000 -1.0000 -1.0000 -1.0000 1.9827 1.4689 4.5542 52.8634 9.8515 0.6912 -0.0315 0.6902
2 0.0000 0 0.0000 -1.0000 -1.0000 -1.0000 -1.0000 2.0054 1.4569 4.5685 32.1506 9.8966 0.6867 0.0203 0.6888
2 0.0000 0 0.0000 -1.0000 -1.0000 -1.0000 -1.0000 1.8366 1.4493 4.4581 -64.0683 8.3383 0.7009 -2.9514 0.6184
2 0.0000 0 0.0000 -1.0000 -1.0000 -1.0000 -1.0000 1.9251 1.5442 4.5343 -24.5457 -37.1856 0.9540 -1.5313 0.6083
2 0.0000 0 0.0000 -1.0000 -1.0000 -1.0000 -1.0000 1.9464 1.7100 4.5803 25.3063 35.0996 0.7971 -1.6311 0.5578
2 0.0000 0 0.0000 -1.0000 -1.0000 -1.0000 -1.0000 1.9597 1.4915 4.5074 -81.8207 -6.9503 0.9242 -0.7192 0.4093
2 0.0000 0 0.0000 -1.0000 -1.0000 -1.0000 -1.0000 1.9374 1.5533 4.5658 35.5296 37.1100 0.7951 -2.9162 0.4054
2 0.0000 0 0.0000 -1.0000 -1.0000 -1.0000 -1.0000 1.9172 1.5032 4.5477 23.5473 40.3346 0.6248 -0.0562 0.4023
2 0.0000 0 0.0000 -1.0000 -1.0000 -1.0000 -1.0000 1.9003 1.7009 4.4735 35.2765 33.6622 0.8570 -0.0646 0.3985
2 0.0000 0 0.0000 -1.0000 -1.0000 -1.0000 -1.0000 1.8748 1.4813 4.4602 36.9674 29.8612 0.7165 -2.8938 0.3757
2 0.0000 0 0.0000 -1.0000 -1.0000 -1.0000 -1.0000 1.9295 1.6302 4.5356 26.9960 26.2966 0.7283 -0.9198 0.3499
2 0.0000 0 0.0000 -1.0000 -1.0000 -1.0000 -1.0000 1.9001 1.4994 4.5124 -70.4764 7.8705 0.7853 -2.9761 0.3369
4 0.0000 0 0.0000 -1.0000 -1.0000 -1.0000 -1.0000 2.0150 2.0018 5.1929 -59.1912 4.2970 0.9522 0.1250 0.3134
3 0.0000 0 0.0000 -1.0000 -1.0000 -1.0000 -1.0000 0.8579 1.5498 1.9449 -27.5463 3.2682 0.7448 1.7887 0.5006
3 0.0000 0 0.0000 -1.0000 -1.0000 -1.0000 -1.0000 0.7361 1.5644 1.7521 -25.3018 33.5690 0.7266 -1.4953 0.4451
3 0.0000 0 0.0000 -1.0000 -1.0000 -1.0000 -1.0000 0.9355 1.5985 1.9504 -27.3206 19.1984 0.5962 2.7349 0.4134
3 0.0000 0 0.0000 -1.0000 -1.0000 -1.0000 -1.0000 0.7065 1.2641 1.7094 -33.1566 29.1232 0.5981 -1.2717 0.3726
3 0.0000 0 0.0000 -1.0000 -1.0000 -1.0000 -1.0000 0.6605 1.2616 1.6413 -59.3654 10.8278 0.5706 -0.7262 0.3366
1 0.0000 0 0.0000 -1.0000 -1.0000 -1.0000 -1.0000 0.6841 1.6945 0.6230 -37.3341 20.0250 0.7938 -1.6252 0.5127
1 0.0000 0 0.0000 -1.0000 -1.0000 -1.0000 -1.0000 0.7156 1.6551 0.6999 -13.8818 -36.5431 1.1245 0.1535 0.4012
1 0.0000 0 0.0000 -1.0000 -1.0000 -1.0000 -1.0000 0.7135 1.5858 0.7727 -25.3335 33.4706 0.7238 1.5090 0.3005
