2 0.0000 0 0.0000 -1.0000 -1.0000 -1.0000 -1.0000 1.8977 1.4310 4.4900 -30.9594 10.8298 1.2387 -3.0887 0.7610
2 0.0000 0 0.0000 -1.0000 -1.0000 -1.0000 -1.0000 1.9860 1.8361 4.5346 -0.6463 11.2051 0.8516 -2.7706 0.6851
2 0.0000 0 0.0000 -1.0000 -1.0000 -1.0000 -1.0000 1.8594 1.4602 4.4308 -37.5598 10.8100 1.3886 0.0161 0.6816
2 0.0000 0 0.0000 -1.0000 -1.0000 -1.0000 -1.0000 1.9150 1.5603 4.5469 -53.8404 9.0270 1.9089 -0.4131 0.6242
2 0.0000 0 0.0000 -1.0000 -1.0000 -1.0000 -1.0000 1.8821 1.4671 4.4746 -45.5686 10.6224 1.5567 0.0393 0.5962
2 0.0000 0 0.0000 -1.0000 -1.0000 -1.0000 -1.0000 1.9801 1.6087 4.6023 58.6097 37.0612 -0.6331 3.1394 0.5722
2 0.0000 0 0.0000 -1.0000 -1.0000 -1.0000 -1.0000 1.9472 1.5870 4.6252 5.5463 -36.8229 1.1197 -1.7858 0.5116
2 0.0000 0 0.0000 -1.0000 -1.0000 -1.0000 -1.0000 1.9526 1.8210 4.5582 59.5306 32.1265 -0.4055 1.3979 0.4297
2 0.0000 0 0.0000 -1.0000 -1.0000 -1.0000 -1.0000 2.0367 1.6957 4.8246 61.3163 23.5544 -0.4105 -0.8773 0.4248
2 0.0000 0 0.0000 -1.0000 -1.0000 -1.0000 -1.0000 1.9752 1.6875 4.6778 61.9055 31.0732 -0.4361 1.3132 0.3671
2 0.0000 0 0.0000 -1.0000 -1.0000 -1.0000 -1.0000 1.8783 1.5410 4.5438 -46.1584 -14.2994 1.7412 -1.4780 0.3444
3 0.0000 0 0.0000 -1.0000 -1.0000 -1.0000 -1.0000 0.8223 1.5727 1.8635 4.2638 -16.5861 0.8111 -1.7350 0.5867
3 0.0000 0 0.0000 -1.0000 -1.0000 -1.0000 -1.0000 0.8519 1.5738 1.8439 17.5091 6.5003 0.5103 2.4143 0.5347
3 0.0000 0 0.0000 -1.0000 -1.0000 -1.0000 -1.0000 0.8356 1.5823 1.9083 6.1648 3.3546 0.7173 1.4374 0.5104
3 0.0000 0 0.0000 -1.0000 -1.0000 -1.0000 -1.0000 0.7007 1.3451 1.7398 -3.4255 25.8610 0.6079 1.6790 0.5053
3 0.0000 0 0.0000 -1.0000 -1.0000 -1.0000 -1.0000 0.7464 1.4275 1.7288 -26.2586 13.1288 1.0267 -0.2620 0.4442
3 0.0000 0 0.0000 -1.0000 -1.0000 -1.0000 -1.0000 0.7272 1.3974 1.7646 -9.0770 18.0501 0.7326 -1.6156 0.4105
3 0.0000 0 0.0000 -1.0000 -1.0000 -1.0000 -1.0000 0.9058 1.6432 1.8825 -4.3255 20.8323 0.8312 0.0667 0.3997
3 0.0000 0 0.0000 -1.0000 -1.0000 -1.0000 -1.0000 0.7552 1.5605 1.7420 19.5884 6.7528 0.5301 -0.7440 0.3916
3 0.0000 0 0.0000 -1.0000 -1.0000 -1.0000 -1.0000 0.7931 1.5345 1.8585 -0.6737 25.4934 0.6749 1.3677 0.3608
3 0.0000 0 0.0000 -1.0000 -1.0000 -1.0000 -1.0000 0.6897 1.1762 1.7003 -22.0229 15.6516 0.9496 1.6683 0.3449
3 0.0000 0 0.0000 -1.0000 -1.0000 -1.0000 -1.0000 0.6973 1.1726 1.7156 -23.9417 15.6863 0.9713 1.7795 0.3443
1 0.0000 0 0.0000 -1.0000 -1.0000 -1.0000 -1.0000 0.7127 1.6898 0.6714 -37.7173 21.3349 1.6855 0.0167 0.3693
1 0.0000 0 0.0000 -1.0000 -1.0000 -1.0000 -1.0000 0.6980 1.7051 0.6363 -6.2415 37.7842 1.0451 2.5369 0.3654
1 0.0000 0 0.0000 -1.0000 -1.0000 -1.0000 -1.0000 0.7457 1.6996 0.7733 17.4686 -35.8832 1.0306 2.2188 0.3447
1 0.0000 0 0.0000 -1.0000 -1.0000 -1.0000 -1.0000 0.7224 1.7018 0.6735 -21.4798 19.3825 1.2531 0.1450 0.3271
