2 0.0000 0 0.0000 -1.0000 -1.0000 -1.0000 -1.0000 1.9044 1.4431 4.4698 -31.8710 10.7553 1.1549 -3.0512 0.7227
2 0.0000 0 0.0000 -1.0000 -1.0000 -1.0000 -1.0000 2.0496 1.8550 4.6273 -2.5805 10.9757 0.8689 -2.7547 0.7142
2 0.0000 0 0.0000 -1.0000 -1.0000 -1.0000 -1.0000 1.9025 1.4628 4.5472 -46.4580 10.5991 1.5937 -3.1175 0.6520
2 0.0000 0 0.0000 -1.0000 -1.0000 -1.0000 -1.0000 1.9282 1.6324 4.5437 4.4859 -36.8130 1.1014 1.3601 0.5303
2 0.0000 0 0.0000 -1.0000 -1.0000 -1.0000 -1.0000 1.8313 1.4340 4.3916 -38.2835 10.8452 1.3644 -3.1074 0.5255
2 0.0000 0 0.0000 -1.0000 -1.0000 -1.0000 -1.0000 1.9087 1.5644 4.6077 -55.4274 9.0943 1.9380 -0.1940 0.4433
2 0.0000 0 0.0000 -1.0000 -1.0000 -1.0000 -1.0000 1.8785 1.5550 4.4928 -47.1500 -12.8545 1.6252 -1.4290 0.4359
2 0.0000 0 0.0000 -1.0000 -1.0000 -1.0000 -1.0000 1.9367 1.5872 4.5845 57.1044 37.0990 -0.6057 3.1010 0.4253
2 0.0000 0 0.0000 -1.0000 -1.0000 -1.0000 -1.0000 1.9325 1.5594 4.5570 64.3263 6.5793 -0.2947 3.0322 0.4216
2 0.0000 0 0.0000 -1.0000 -1.0000 -1.0000 -1.0000 1.9755 1.8880 4.7003 58.3095 32.0623 -0.3050 1.3912 0.4184
2 0.0000 0 0.0000 -1.0000 -1.0000 -1.0000 -1.0000 1.9568 1.6255 4.6490 61.2742 30.8877 -0.3536 -1.9102 0.3566
2 0.0000 0 0.0000 -1.0000 -1.0000 -1.0000 -1.0000 1.8908 1.6375 4.5494 68.2474 29.5129 -0.3646 -1.2940 0.3401
3 0.0000 0 0.0000 -1.0000 -1.0000 -1.0000 -1.0000 0.8178 1.5721 1.8584 5.3999 4.6115 0.7232 1.4666 0.5529
3 0.0000 0 0.0000 -1.0000 -1.0000 -1.0000 -1.0000 0.8248 1.5741 1.8641 3.3414 -15.6328 0.8129 1.5847 0.5428
3 0.0000 0 0.0000 -1.0000 -1.0000 -1.0000 -1.0000 0.9179 1.6125 1.9162 15.6538 7.4221 0.5565 2.3923 0.4528
3 0.0000 0 0.0000 -1.0000 -1.0000 -1.0000 -1.0000 0.7397 1.4205 1.7156 -27.1750 13.1099 1.0058 -0.3791 0.4308
3 0.0000 0 0.0000 -1.0000 -1.0000 -1.0000 -1.0000 0.8951 1.6417 1.8551 17.8090 7.9115 0.5887 -0.7908 0.4035
3 0.0000 0 0.0000 -1.0000 -1.0000 -1.0000 -1.0000 0.7289 1.3493 1.7823 -4.3393 26.0664 0.6705 1.7411 0.3106
1 0.0000 0 0.0000 -1.0000 -1.0000 -1.0000 -1.0000 0.7206 1.6845 0.7095 21.5908 -37.7627 0.9660 2.7363 0.4474
1 0.0000 0 0.0000 -1.0000 -1.0000 -1.0000 -1.0000 0.7224 1.6842 0.7238 16.8396 -35.8281 1.0540 2.5125 0.4111
1 0.0000 0 0.0000 -1.0000 -1.0000 -1.0000 -1.0000 0.7135 1.6932 0.6576 -38.8937 21.2472 1.7239 0.0877 0.3036
