2 0.0000 0 0.0000 -1.0000 -1.0000 -1.0000 -1.0000 2.0331 1.4991 4.7386 43.4242 39.1631 0.5535 -0.0562 0.6745
2 0.0000 0 0.0000 -1.0000 -1.0000 -1.0000 -1.0000 1.9514 1.5826 4.5963 -71.1702 6.9503 1.5477 -3.0513 0.6290
2 0.0000 0 0.0000 -1.0000 -1.0000 -1.0000 -1.0000 1.8140 1.5085 4.3651 50.9247 8.4827 0.3628 3.1058 0.6200
2 0.0000 0 0.0000 -1.0000 -1.0000 -1.0000 -1.0000 1.9075 1.4555 4.4768 -45.2783 9.8912 1.0637 -3.0636 0.6152
2 0.0000 0 0.0000 -1.0000 -1.0000 -1.0000 -1.0000 1.9448 1.7936 4.5497 44.6924 34.1013 0.6635 1.4415 0.5871
2 0.0000 0 0.0000 -1.0000 -1.0000 -1.0000 -1.0000 1.8814 1.4610 4.5418 -59.9016 9.2151 1.3915 -3.0651 0.5688
2 0.0000 0 0.0000 -1.0000 -1.0000 -1.0000 -1.0000 1.9554 1.8990 4.5143 -26.8218 6.8174 1.1093 0.1891 0.5097
2 0.0000 0 0.0000 -1.0000 -1.0000 -1.0000 -1.0000 1.9241 1.5398 4.5806 -61.3864 -7.1897 1.1560 -1.2064 0.5085
2 0.0000 0 0.0000 -1.0000 -1.0000 -1.0000 -1.0000 1.9365 1.4926 4.6102 -7.1517 -36.5671 0.7816 -1.6229 0.4740
2 0.0000 0 0.0000 -1.0000 -1.0000 -1.0000 -1.0000 1.9659 1.5603 4.5291 55.2555 35.2291 0.5791 0.1261 0.4614
2 0.0000 0 0.0000 -1.0000 -1.0000 -1.0000 -1.0000 1.9511 1.6583 4.5998 55.1663 32.1501 0.6414 3.0050 0.3908
2 0.0000 0 0.0000 -1.0000 -1.0000 -1.0000 -1.0000 1.8864 1.4600 4.5529 -51.7837 9.7548 1.2145 -3.0751 0.3280
2 0.0000 0 0.0000 -1.0000 -1.0000 -1.0000 -1.0000 1.9630 1.5438 4.6603 46.4761 25.2921 0.5105 -1.0060 0.3255
2 0.0000 0 0.0000 -1.0000 -1.0000 -1.0000 -1.0000 1.8428 1.6876 4.3205 -24.1003 31.1542 1.3998 -1.3668 0.3144
3 0.0000 0 0.0000 -1.0000 -1.0000 -1.0000 -1.0000 0.8788 1.6174 1.9094 -7.7306 18.3001 0.8197 1.3235 0.5687
3 0.0000 0 0.0000 -1.0000 -1.0000 -1.0000 -1.0000 0.8616 1.5682 1.9007 -9.9017 -7.0460 0.7535 -1.2910 0.5602
3 0.0000 0 0.0000 -1.0000 -1.0000 -1.0000 -1.0000 0.9416 1.6321 1.9115 -3.3051 14.5945 0.8613 2.4067 0.3577
3 0.0000 0 0.0000 -1.0000 -1.0000 -1.0000 -1.0000 0.7084 1.3263 1.7521 -18.0033 25.6723 0.9256 1.9238 0.3445
3 0.0000 0 0.0000 -1.0000 -1.0000 -1.0000 -1.0000 0.6497 1.0884 1.6718 -38.7894 14.3141 0.9630 1.7201 0.3171
3 0.0000 0 0.0000 -1.0000 -1.0000 -1.0000 -1.0000 0.6553 1.1228 1.6914 -36.9751 14.6050 0.9360 1.6932 0.3042
1 0.0000 0 0.0000 -1.0000 -1.0000 -1.0000 -1.0000 0.6944 1.6504 0.6568 6.9839 -36.8025 0.8463 2.9590 0.4824
1 0.0000 0 0.0000 -1.0000 -1.0000 -1.0000 -1.0000 0.7081 1.6739 0.6572 -18.2887 20.4761 1.0626 0.0618 0.4042
