2 0.0000 0 0.0000 -1.0000 -1.0000 -1.0000 -1.0000 1.9178 1.4472 4.4780 -30.0628 10.7522 1.1323 -3.0732 0.7308
2 0.0000 0 0.0000 -1.0000 -1.0000 -1.0000 -1.0000 1.9112 1.4527 4.5630 -44.6840 10.8799 1.5587 0.0146 0.7022
2 0.0000 0 0.0000 -1.0000 -1.0000 -1.0000 -1.0000 2.0364 1.8821 4.6747 1.1978 12.0429 0.7766 -2.6933 0.6537
2 0.0000 0 0.0000 -1.0000 -1.0000 -1.0000 -1.0000 1.9238 1.5313 4.5505 -52.3987 8.8813 1.8401 -0.4721 0.6300
2 0.0000 0 0.0000 -1.0000 -1.0000 -1.0000 -1.0000 1.9206 1.5071 4.5570 6.2723 -36.8580 1.1689 -1.6924 0.5694
2 0.0000 0 0.0000 -1.0000 -1.0000 -1.0000 -1.0000 1.8371 1.4420 4.4058 -36.4359 10.8664 1.3530 -0.0007 0.5489
2 0.0000 0 0.0000 -1.0000 -1.0000 -1.0000 -1.0000 1.9798 1.7925 4.7051 60.3086 32.0493 -0.4068 1.3024 0.4554
2 0.0000 0 0.0000 -1.0000 -1.0000 -1.0000 -1.0000 1.9724 1.6615 4.6611 62.0480 23.3110 -0.4802 -0.8830 0.4132
2 0.0000 0 0.0000 -1.0000 -1.0000 -1.0000 -1.0000 1.9592 1.5543 4.5643 66.2518 6.3834 -0.3760 2.9754 0.4005
2 0.0000 0 0.0000 -1.0000 -1.0000 -1.0000 -1.0000 1.9491 1.5704 4.5629 59.0289 36.9990 -0.7495 0.0482 0.3837
2 0.0000 0 0.0000 -1.0000 -1.0000 -1.0000 -1.0000 1.9344 1.5541 4.6102 63.1769 30.1385 -0.5596 -1.9145 0.3345
3 0.0000 0 0.0000 -1.0000 -1.0000 -1.0000 -1.0000 0.7604 1.5304 1.7801 1.2299 25.9824 0.5458 -1.4541 0.4819
3 0.0000 0 0.0000 -1.0000 -1.0000 -1.0000 -1.0000 0.7785 1.5457 1.8047 6.8779 2.1109 0.6912 -1.7402 0.4659
3 0.0000 0 0.0000 -1.0000 -1.0000 -1.0000 -1.0000 0.7389 1.3888 1.7258 -25.3559 13.1075 0.9654 -0.0528 0.4530
3 0.0000 0 0.0000 -1.0000 -1.0000 -1.0000 -1.0000 0.7889 1.5499 1.8147 5.1203 -17.2020 0.8310 1.5924 0.3679
3 0.0000 0 0.0000 -1.0000 -1.0000 -1.0000 -1.0000 0.8456 1.6288 1.8076 -3.3290 20.7737 0.7317 0.1121 0.3337
3 0.0000 0 0.0000 -1.0000 -1.0000 -1.0000 -1.0000 0.7055 1.1858 1.7170 -22.0256 15.5146 0.9007 1.5639 0.3063
1 0.0000 0 0.0000 -1.0000 -1.0000 -1.0000 -1.0000 0.7160 1.6960 0.6765 23.9490 -37.8375 1.0932 2.6939 0.3714
1 0.0000 0 0.0000 -1.0000 -1.0000 -1.0000 -1.0000 0.7585 1.7059 0.7516 -20.2258 19.2534 1.2041 0.2113 0.3507
1 0.0000 0 0.0000 -1.0000 -1.0000 -1.0000 -1.0000 0.7245 1.6620 0.7332 18.1857 -35.8421 1.1560 1.9277 0.3296
