2 0.0000 0 0.0000 -1.0000 -1.0000 -1.0000 -1.0000 2.0469 1.4566 4.6952 21.9887 10.8708 0.7249 3.1390 0.7961
2 0.0000 0 0.0000 -1.0000 -1.0000 -1.0000 -1.0000 1.9546 1.4171 4.5130 11.6784 10.4400 0.6695 3.1236 0.6398
2 0.0000 0 0.0000 -1.0000 -1.0000 -1.0000 -1.0000 1.9272 1.7623 4.5183 4.3748 35.6240 0.5864 1.5203 0.5003
2 0.0000 0 0.0000 -1.0000 -1.0000 -1.0000 -1.0000 1.9205 1.5584 4.5824 14.1775 33.6416 0.6379 -1.9565 0.4951
2 0.0000 0 0.0000 -1.0000 -1.0000 -1.0000 -1.0000 1.9089 1.5757 4.5914 -45.0158 -36.9360 1.1417 -1.5878 0.4735
2 0.0000 0 0.0000 -1.0000 -1.0000 -1.0000 -1.0000 1.9454 1.5173 4.6017 6.4577 34.8169 0.4651 1.4688 0.4363
2 0.0000 0 0.0000 -1.0000 -1.0000 -1.0000 -1.0000 1.9034 1.5252 4.5295 2.1844 40.6282 0.3877 -3.0451 0.4093
2 0.0000 0 0.0000 -1.0000 -1.0000 -1.0000 -1.0000 1.9143 1.6440 4.4994 6.2673 26.8384 0.5541 -0.9599 0.3580
3 0.0000 0 0.0000 -1.0000 -1.0000 -1.0000 -1.0000 0.7714 1.5805 1.7213 -54.0198 20.5882 0.5625 -0.1879 0.5264
3 0.0000 0 0.0000 -1.0000 -1.0000 -1.0000 -1.0000 0.8202 1.5481 1.8359 -48.9695 13.5964 0.4916 -1.3226 0.4847
3 0.0000 0 0.0000 -1.0000 -1.0000 -1.0000 -1.0000 0.8085 1.5632 1.7669 -58.0851 21.3479 0.6009 -0.2366 0.4297
3 0.0000 0 0.0000 -1.0000 -1.0000 -1.0000 -1.0000 0.7516 1.5436 1.7418 -54.4204 24.3756 0.4997 1.9550 0.3625
3 0.0000 0 0.0000 -1.0000 -1.0000 -1.0000 -1.0000 0.7941 1.5540 1.7355 -58.6654 19.4900 0.5907 0.0032 0.3434
1 0.0000 0 0.0000 -1.0000 -1.0000 -1.0000 -1.0000 0.7253 1.6555 0.7386 -25.2991 -33.9497 1.1816 0.1499 0.5428
