2 0.0000 0 0.0000 -1.0000 -1.0000 -1.0000 -1.0000 1.9720 1.4149 4.5543 33.3087 9.9293 0.7585 0.0192 0.7715
2 0.0000 0 0.0000 -1.0000 -1.0000 -1.0000 -1.0000 2.0156 1.5924 4.6529 54.5962 9.8348 0.8758 3.1323 0.7326
2 0.0000 0 0.0000 -1.0000 -1.0000 -1.0000 -1.0000 1.9339 1.4908 4.5775 -23.8041 -37.1768 0.8820 -1.6077 0.6780
2 0.0000 0 0.0000 -1.0000 -1.0000 -1.0000 -1.0000 1.9436 1.7276 4.5940 25.8875 35.0787 0.8819 1.4457 0.6232
2 0.0000 0 0.0000 -1.0000 -1.0000 -1.0000 -1.0000 1.9014 1.4392 4.5348 -63.3004 8.4671 0.4498 -2.9850 0.6094
2 0.0000 0 0.0000 -1.0000 -1.0000 -1.0000 -1.0000 1.9767 1.5074 4.5853 36.4865 37.2741 0.8825 -2.9842 0.5631
2 0.0000 0 0.0000 -1.0000 -1.0000 -1.0000 -1.0000 1.9762 1.6556 4.6258 -80.9661 -6.9512 0.7160 -0.9183 0.5040
2 0.0000 0 0.0000 -1.0000 -1.0000 -1.0000 -1.0000 2.0107 1.6567 4.6785 27.8867 26.2707 0.8004 2.4922 0.4916
2 0.0000 0 0.0000 -1.0000 -1.0000 -1.0000 -1.0000 1.9016 1.6659 4.5151 31.6381 27.9240 0.8622 1.2206 0.3965
2 0.0000 0 0.0000 -1.0000 -1.0000 -1.0000 -1.0000 1.9547 1.7732 4.5961 36.7093 33.9066 1.0326 -0.0009 0.3860
2 0.0000 0 0.0000 -1.0000 -1.0000 -1.0000 -1.0000 1.8850 1.4989 4.5328 28.1524 34.1034 0.7256 -1.7197 0.3565
2 0.0000 0 0.0000 -1.0000 -1.0000 -1.0000 -1.0000 1.9235 1.8082 4.6808 -57.5903 4.1089 0.6301 0.1242 0.3058
5 0.0000 0 0.0000 -1.0000 -1.0000 -1.0000 -1.0000 1.1593 1.5316 2.7721 -26.9663 3.1476 0.6822 -1.3258 0.3308
3 0.0000 0 0.0000 -1.0000 -1.0000 -1.0000 -1.0000 0.8074 1.6096 1.8073 -24.3480 33.1038 0.5862 -1.4949 0.3634
3 0.0000 0 0.0000 -1.0000 -1.0000 -1.0000 -1.0000 0.9218 1.5982 1.9244 -26.1746 19.1781 0.5318 -0.5500 0.3595
3 0.0000 0 0.0000 -1.0000 -1.0000 -1.0000 -1.0000 0.8559 1.5383 1.9082 -26.4531 2.8704 0.6745 -1.3705 0.3132
1 0.0000 0 0.0000 -1.0000 -1.0000 -1.0000 -1.0000 0.6908 1.6254 0.6611 -37.1160 19.9278 0.6835 -1.6667 0.4120
1 0.0000 0 0.0000 -1.0000 -1.0000 -1.0000 -1.0000 0.7173 1.6931 0.6865 -12.9232 -36.5615 1.1276 2.9921 0.3530
