2 0.0000 0 0.0000 -1.0000 -1.0000 -1.0000 -1.0000 1.9011 1.4121 4.5205 -34.9853 10.6322 1.2493 -3.0417 0.7551
2 0.0000 0 0.0000 -1.0000 -1.0000 -1.0000 -1.0000 1.8552 1.4508 4.4239 -41.5919 10.7932 1.3639 -3.1105 0.6210
2 0.0000 0 0.0000 -1.0000 -1.0000 -1.0000 -1.0000 1.8930 1.4806 4.5643 54.3546 37.0279 -0.0729 -3.0391 0.5702
2 0.0000 0 0.0000 -1.0000 -1.0000 -1.0000 -1.0000 1.9314 1.5357 4.5795 -49.7767 10.4930 1.6302 -3.0697 0.5653
2 0.0000 0 0.0000 -1.0000 -1.0000 -1.0000 -1.0000 1.9461 1.5108 4.6284 1.3357 -36.6972 0.9090 -1.7108 0.5454
2 0.0000 0 0.0000 -1.0000 -1.0000 -1.0000 -1.0000 1.9375 1.5666 4.6733 -59.9982 9.0700 1.8801 -0.1201 0.5307
2 0.0000 0 0.0000 -1.0000 -1.0000 -1.0000 -1.0000 1.9767 1.9111 4.5524 -8.8145 9.6550 1.0074 -2.8217 0.5223
2 0.0000 0 0.0000 -1.0000 -1.0000 -1.0000 -1.0000 1.9343 1.5206 4.5819 57.9472 31.1425 -0.0549 -1.8068 0.4565
2 0.0000 0 0.0000 -1.0000 -1.0000 -1.0000 -1.0000 1.9343 1.4998 4.5721 61.0541 6.7969 -0.0481 0.0588 0.4510
2 0.0000 0 0.0000 -1.0000 -1.0000 -1.0000 -1.0000 1.9574 1.7911 4.6371 55.0511 32.3872 0.0333 1.4328 0.4040
2 0.0000 0 0.0000 -1.0000 -1.0000 -1.0000 -1.0000 2.1546 1.9273 5.0617 56.8365 23.4166 0.0803 -0.6725 0.3399
2 0.0000 0 0.0000 -1.0000 -1.0000 -1.0000 -1.0000 1.9480 1.5934 4.6082 65.9352 30.4517 -0.0478 -2.9419 0.3331
2 0.0000 0 0.0000 -1.0000 -1.0000 -1.0000 -1.0000 1.8647 1.5377 4.5213 -50.2423 -11.1153 1.4300 1.6088 0.3127
3 0.0000 0 0.0000 -1.0000 -1.0000 -1.0000 -1.0000 0.7881 1.5634 1.8101 2.4106 8.3927 0.7296 1.3968 0.5445
3 0.0000 0 0.0000 -1.0000 -1.0000 -1.0000 -1.0000 0.8436 1.5789 1.7926 12.2560 9.9985 0.7193 -0.6995 0.5013
3 0.0000 0 0.0000 -1.0000 -1.0000 -1.0000 -1.0000 0.8489 1.6145 1.8106 -8.6977 20.7752 0.9577 0.1377 0.4766
3 0.0000 0 0.0000 -1.0000 -1.0000 -1.0000 -1.0000 0.7125 1.3744 1.7396 -2.8905 29.3806 0.7158 -1.2619 0.3724
3 0.0000 0 0.0000 -1.0000 -1.0000 -1.0000 -1.0000 0.7655 1.5101 1.8022 -4.9002 25.7055 0.8467 -1.6102 0.3295
1 0.0000 0 0.0000 -1.0000 -1.0000 -1.0000 -1.0000 0.7087 1.7031 0.6809 17.6407 -37.6024 0.8270 -0.5999 0.5038
1 0.0000 0 0.0000 -1.0000 -1.0000 -1.0000 -1.0000 0.6839 1.6971 0.6271 -10.7380 38.8679 1.2885 1.7193 0.3688
1 0.0000 0 0.0000 -1.0000 -1.0000 -1.0000 -1.0000 0.7187 1.6375 0.6880 14.3740 -35.8651 0.8338 2.4856 0.3521
