2 0.0000 0 0.0000 -1.0000 -1.0000 -1.0000 -1.0000 2.0139 1.4390 4.5798 23.1946 10.3521 0.7624 -0.0332 0.7357
2 0.0000 0 0.0000 -1.0000 -1.0000 -1.0000 -1.0000 1.9162 1.4687 4.5503 -33.3006 -37.4913 0.8921 -1.5858 0.6613
2 0.0000 0 0.0000 -1.0000 -1.0000 -1.0000 -1.0000 1.9744 1.6980 4.6405 16.0570 35.5076 0.7337 -1.6216 0.6535
2 0.0000 0 0.0000 -1.0000 -1.0000 -1.0000 -1.0000 1.9555 1.5368 4.5836 -73.0545 7.5142 0.4421 -3.0257 0.6354
2 0.0000 0 0.0000 -1.0000 -1.0000 -1.0000 -1.0000 1.9312 1.4807 4.5006 37.9582 10.6258 0.8552 3.1052 0.5919
2 0.0000 0 0.0000 -1.0000 -1.0000 -1.0000 -1.0000 1.8967 1.4952 4.5214 13.7893 40.5499 0.5377 -3.0831 0.4830
2 0.0000 0 0.0000 -1.0000 -1.0000 -1.0000 -1.0000 1.9315 1.6053 4.6044 21.4433 28.1651 0.7742 1.2733 0.4392
2 0.0000 0 0.0000 -1.0000 -1.0000 -1.0000 -1.0000 1.9006 1.5817 4.5411 -79.7983 6.9276 0.4837 -3.0654 0.4057
2 0.0000 0 0.0000 -1.0000 -1.0000 -1.0000 -1.0000 1.9598 1.5782 4.6281 25.2040 39.6485 0.8636 0.2607 0.3817
2 0.0000 0 0.0000 -1.0000 -1.0000 -1.0000 -1.0000 1.9275 1.6283 4.6282 25.9983 34.9876 0.8787 1.6434 0.3416
2 0.0000 0 0.0000 -1.0000 -1.0000 -1.0000 -1.0000 2.0371 1.8970 4.8544 -74.0740 2.7299 0.6662 0.0889 0.3266
3 0.0000 0 0.0000 -1.0000 -1.0000 -1.0000 -1.0000 0.8127 1.5679 1.7941 -38.6539 19.8568 0.5047 -2.9669 0.5843
3 0.0000 0 0.0000 -1.0000 -1.0000 -1.0000 -1.0000 0.8265 1.5497 1.8464 -36.9565 7.9076 0.6179 -1.3381 0.4903
3 0.0000 0 0.0000 -1.0000 -1.0000 -1.0000 -1.0000 0.7800 1.5136 1.7961 -42.7198 25.2922 0.5005 -1.3601 0.4204
3 0.0000 0 0.0000 -1.0000 -1.0000 -1.0000 -1.0000 0.7779 1.6002 1.7304 -42.0706 20.6821 0.5221 0.2459 0.4010
1 0.0000 0 0.0000 -1.0000 -1.0000 -1.0000 -1.0000 0.7068 1.6737 0.6517 -23.9748 -36.5756 1.1032 2.9656 0.3580
1 0.0000 0 0.0000 -1.0000 -1.0000 -1.0000 -1.0000 0.7139 1.6291 0.6567 -46.9307 19.5982 0.6338 0.8518 0.3529
