2 0.0000 0 0.0000 -1.0000 -1.0000 -1.0000 -1.0000 1.9078 1.4562 4.4652 45.5251 9.0970 0.4996 2.9911 0.6937
2 0.0000 0 0.0000 -1.0000 -1.0000 -1.0000 -1.0000 1.9543 1.4978 4.6542 -11.8769 -36.7543 0.8201 -1.4602 0.6151
2 0.0000 0 0.0000 -1.0000 -1.0000 -1.0000 -1.0000 1.9452 1.4562 4.6141 37.6813 39.5899 0.6127 -0.1296 0.6050
2 0.0000 0 0.0000 -1.0000 -1.0000 -1.0000 -1.0000 1.9185 1.5223 4.5440 -65.3310 8.2363 1.1938 -3.0196 0.5722
2 0.0000 0 0.0000 -1.0000 -1.0000 -1.0000 -1.0000 1.9187 1.4792 4.5538 -67.1879 -7.0286 1.0362 -1.1217 0.5604
2 0.0000 0 0.0000 -1.0000 -1.0000 -1.0000 -1.0000 2.0297 1.9225 4.8096 -36.5355 6.0840 1.0463 0.0786 0.5406
2 0.0000 0 0.0000 -1.0000 -1.0000 -1.0000 -1.0000 1.9188 1.6807 4.5331 39.0986 34.2614 0.7163 1.4629 0.5135
2 0.0000 0 0.0000 -1.0000 -1.0000 -1.0000 -1.0000 1.9634 1.7245 4.5919 49.4695 33.1725 0.7652 0.1001 0.4495
2 0.0000 0 0.0000 -1.0000 -1.0000 -1.0000 -1.0000 1.9999 1.5319 4.6357 77.9499 8.2064 0.3921 3.0679 0.4046
2 0.0000 0 0.0000 -1.0000 -1.0000 -1.0000 -1.0000 1.9879 1.5522 4.5925 49.4715 36.8913 0.7463 -2.7727 0.4008
2 0.0000 0 0.0000 -1.0000 -1.0000 -1.0000 -1.0000 1.9936 1.5564 4.6549 40.8281 25.6941 0.6446 -0.6907 0.3936
2 0.0000 0 0.0000 -1.0000 -1.0000 -1.0000 -1.0000 1.9840 1.6092 4.7742 -76.6959 6.0001 1.3460 -3.0092 0.3699
2 0.0000 0 0.0000 -1.0000 -1.0000 -1.0000 -1.0000 1.8898 1.4669 4.5225 -56.0127 8.6412 1.1212 -3.0413 0.3091
3 0.0000 0 0.0000 -1.0000 -1.0000 -1.0000 -1.0000 0.8892 1.5942 1.8794 -10.7335 16.0701 0.8326 2.5447 0.5357
3 0.0000 0 0.0000 -1.0000 -1.0000 -1.0000 -1.0000 0.7238 1.3827 1.7172 -45.9833 11.6992 0.8771 -0.4789 0.3915
3 0.0000 0 0.0000 -1.0000 -1.0000 -1.0000 -1.0000 0.8465 1.5832 1.8896 -20.2387 25.7503 0.9387 -1.6104 0.3126
3 0.0000 0 0.0000 -1.0000 -1.0000 -1.0000 -1.0000 0.8207 1.5973 1.8307 -15.1515 -3.6406 0.8375 1.4628 0.3116
1 0.0000 0 0.0000 -1.0000 -1.0000 -1.0000 -1.0000 0.6913 1.6738 0.6096 -23.9927 20.3568 0.9794 0.6928 0.4138
1 0.0000 0 0.0000 -1.0000 -1.0000 -1.0000 -1.0000 0.7251 1.7176 0.7088 -61.4656 18.4938 1.5564 3.1007 0.4068
1 0.0000 0 0.0000 -1.0000 -1.0000 -1.0000 -1.0000 0.7016 1.6698 0.6715 3.2672 -34.9815 0.9696 -2.0380 0.4066
1 0.0000 0 0.0000 -1.0000 -1.0000 -1.0000 -1.0000 0.6984 1.6849 0.6313 1.0812 -36.6353 0.9907 2.8543 0.4020
