2 0.0000 0 0.0000 -1.0000 -1.0000 -1.0000 -1.0000 2.0031 1.4919 4.5924 41.5845 9.3720 0.6284 3.1104 0.6687
2 0.0000 0 0.0000 -1.0000 -1.0000 -1.0000 -1.0000 1.9324 1.5143 4.5234 -71.5794 -7.0860 1.0265 -1.0231 0.6477
2 0.0000 0 0.0000 -1.0000 -1.0000 -1.0000 -1.0000 1.9707 1.4815 4.5552 70.1225 8.8141 0.5664 3.0336 0.6366
2 0.0000 0 0.0000 -1.0000 -1.0000 -1.0000 -1.0000 1.9542 1.5260 4.6185 -15.6736 -36.9469 0.7544 -1.5618 0.6044
2 0.0000 0 0.0000 -1.0000 -1.0000 -1.0000 -1.0000 1.9315 1.4726 4.5000 -54.5124 8.9943 0.9579 -3.0265 0.6015
2 0.0000 0 0.0000 -1.0000 -1.0000 -1.0000 -1.0000 1.9485 1.6840 4.5942 34.8433 34.7448 0.8793 -1.6331 0.5077
2 0.0000 0 0.0000 -1.0000 -1.0000 -1.0000 -1.0000 1.9592 1.4780 4.6257 33.3305 39.8448 0.7699 -0.0772 0.5065
2 0.0000 0 0.0000 -1.0000 -1.0000 -1.0000 -1.0000 1.9702 1.5657 4.5604 45.4045 36.8827 0.9164 -2.8741 0.4596
2 0.0000 0 0.0000 -1.0000 -1.0000 -1.0000 -1.0000 1.8802 1.6190 4.4779 45.2888 33.3804 0.8635 3.0863 0.4311
2 0.0000 0 0.0000 -1.0000 -1.0000 -1.0000 -1.0000 2.0114 1.5598 4.7853 -80.6849 5.9664 1.2737 -3.1355 0.3767
2 0.0000 0 0.0000 -1.0000 -1.0000 -1.0000 -1.0000 1.9575 1.8800 4.6940 -43.3085 5.3345 1.0336 0.0891 0.3757
2 0.0000 0 0.0000 -1.0000 -1.0000 -1.0000 -1.0000 1.9696 1.6044 4.6478 36.8124 25.8951 0.7615 2.4353 0.3617
3 0.0000 0 0.0000 -1.0000 -1.0000 -1.0000 -1.0000 0.8067 1.5639 1.8176 -16.2710 26.3501 0.8292 1.3308 0.5172
3 0.0000 0 0.0000 -1.0000 -1.0000 -1.0000 -1.0000 0.8629 1.6162 1.8871 -18.8952 -1.3398 0.8268 1.4038 0.4809
3 0.0000 0 0.0000 -1.0000 -1.0000 -1.0000 -1.0000 0.7816 1.5463 1.8056 -24.1707 25.7244 0.9767 -1.3099 0.4108
3 0.0000 0 0.0000 -1.0000 -1.0000 -1.0000 -1.0000 0.9478 1.5977 1.9505 -14.9924 17.5879 0.8361 -0.5642 0.3650
3 0.0000 0 0.0000 -1.0000 -1.0000 -1.0000 -1.0000 0.7307 1.3030 1.7870 -27.3329 25.5191 0.9662 1.7788 0.3245
3 0.0000 0 0.0000 -1.0000 -1.0000 -1.0000 -1.0000 0.7211 1.2587 1.7252 -50.1503 11.5586 0.8763 -0.7640 0.3233
3 0.0000 0 0.0000 -1.0000 -1.0000 -1.0000 -1.0000 0.7963 1.4906 1.8166 -25.5098 25.2377 0.9704 -1.3375 0.3044
1 0.0000 0 0.0000 -1.0000 -1.0000 -1.0000 -1.0000 0.6882 1.6774 0.6068 -27.8678 20.3052 1.0274 -1.9255 0.3799
1 0.0000 0 0.0000 -1.0000 -1.0000 -1.0000 -1.0000 0.7217 1.6787 0.7033 -3.5148 -36.5917 0.9172 0.0724 0.3406
1 0.0000 0 0.0000 -1.0000 -1.0000 -1.0000 -1.0000 0.7076 1.6961 0.6461 -66.0559 17.9970 1.4585 3.1192 0.3081
