2 0.0000 0 0.0000 -1.0000 -1.0000 -1.0000 -1.0000 2.0072 1.4888 4.5692 31.2055 10.7974 0.6974 3.1215 0.8080
2 0.0000 0 0.0000 -1.0000 -1.0000 -1.0000 -1.0000 1.9452 1.3974 4.5232 18.3995 10.3705 0.6024 0.0118 0.7886
2 0.0000 0 0.0000 -1.0000 -1.0000 -1.0000 -1.0000 1.9474 1.7967 4.5790 10.7316 35.4981 0.5512 1.5104 0.6305
2 0.0000 0 0.0000 -1.0000 -1.0000 -1.0000 -1.0000 1.9379 1.5417 4.5959 -37.9498 -37.3600 1.1901 -1.4136 0.6031
2 0.0000 0 0.0000 -1.0000 -1.0000 -1.0000 -1.0000 1.8839 1.5837 4.4292 -77.7435 7.3144 0.7637 -2.9874 0.5278
2 0.0000 0 0.0000 -1.0000 -1.0000 -1.0000 -1.0000 1.9086 1.5053 4.5100 9.0282 40.5578 0.3757 -0.0026 0.4661
2 0.0000 0 0.0000 -1.0000 -1.0000 -1.0000 -1.0000 1.8536 1.6936 4.4249 16.5885 27.9416 0.5983 1.6828 0.4197
2 0.0000 0 0.0000 -1.0000 -1.0000 -1.0000 -1.0000 1.9723 1.6137 4.6585 20.2572 39.7134 0.6876 0.1597 0.3843
2 0.0000 0 0.0000 -1.0000 -1.0000 -1.0000 -1.0000 1.9388 1.6994 4.5737 83.5151 17.6964 0.7569 0.0584 0.3445
2 0.0000 0 0.0000 -1.0000 -1.0000 -1.0000 -1.0000 1.8948 1.5933 4.5479 21.5804 33.5122 0.5774 1.2759 0.3030
3 0.0000 0 0.0000 -1.0000 -1.0000 -1.0000 -1.0000 0.8796 1.6147 1.8784 -44.8101 20.2016 0.6379 -2.6178 0.4784
3 0.0000 0 0.0000 -1.0000 -1.0000 -1.0000 -1.0000 0.7334 1.4950 1.7857 -41.9078 10.1371 0.5981 -1.4922 0.4705
3 0.0000 0 0.0000 -1.0000 -1.0000 -1.0000 -1.0000 0.6835 1.2954 1.7128 -51.0449 24.3008 0.5683 -1.5067 0.3553
3 0.0000 0 0.0000 -1.0000 -1.0000 -1.0000 -1.0000 0.8085 1.5279 1.7789 -48.6840 24.4700 0.6691 1.6364 0.3300
1 0.0000 0 0.0000 -1.0000 -1.0000 -1.0000 -1.0000 0.7307 1.6663 0.7376 -29.1349 -36.5026 1.4324 0.1379 0.3752
1 0.0000 0 0.0000 -1.0000 -1.0000 -1.0000 -1.0000 0.7387 1.6669 0.6964 -52.0321 19.3894 0.8126 -2.7976 0.3056
