2 0.0000 0 0.0000 -1.0000 -1.0000 -1.0000 -1.0000 1.9416 1.5535 4.5733 -69.0181 -6.9150 1.0832 -1.1283 0.6088
2 0.0000 0 0.0000 -1.0000 -1.0000 -1.0000 -1.0000 1.9920 1.4760 4.6658 35.8959 39.6982 0.5799 -0.0491 0.5306
2 0.0000 0 0.0000 -1.0000 -1.0000 -1.0000 -1.0000 1.9651 1.5369 4.6113 74.7050 8.2572 0.2934 2.9951 0.5288
2 0.0000 0 0.0000 -1.0000 -1.0000 -1.0000 -1.0000 1.9791 1.8038 4.6562 37.2714 34.6800 0.7519 -1.7148 0.5074
2 0.0000 0 0.0000 -1.0000 -1.0000 -1.0000 -1.0000 1.9716 1.5935 4.6978 47.7936 33.1856 0.7105 3.0759 0.4629
2 0.0000 0 0.0000 -1.0000 -1.0000 -1.0000 -1.0000 1.8524 1.4811 4.3855 43.7549 9.2246 0.4199 3.0336 0.4493
2 0.0000 0 0.0000 -1.0000 -1.0000 -1.0000 -1.0000 1.9433 1.5805 4.5851 38.9042 25.7988 0.5820 -0.9862 0.4459
2 0.0000 0 0.0000 -1.0000 -1.0000 -1.0000 -1.0000 1.9408 1.5709 4.6070 -13.4389 -36.8953 0.8812 -1.6046 0.4174
2 0.0000 0 0.0000 -1.0000 -1.0000 -1.0000 -1.0000 1.9963 1.7628 4.7499 -78.4153 5.8686 1.4998 -3.0122 0.3800
2 0.0000 0 0.0000 -1.0000 -1.0000 -1.0000 -1.0000 2.0295 1.9588 4.9251 -39.1310 5.7813 1.0837 0.0899 0.3719
2 0.0000 0 0.0000 -1.0000 -1.0000 -1.0000 -1.0000 1.8997 1.6117 4.5475 42.5991 26.3991 0.5896 1.5723 0.3484
2 0.0000 0 0.0000 -1.0000 -1.0000 -1.0000 -1.0000 1.8930 1.7063 4.5233 -75.8292 23.7115 1.8966 1.7575 0.3408
2 0.0000 0 0.0000 -1.0000 -1.0000 -1.0000 -1.0000 1.9342 1.4893 4.5832 40.2905 33.3326 0.5769 -1.8641 0.3355
2 0.0000 0 0.0000 -1.0000 -1.0000 -1.0000 -1.0000 1.9732 1.4873 4.6098 47.8386 36.7987 0.6473 -2.9021 0.3293
3 0.0000 0 0.0000 -1.0000 -1.0000 -1.0000 -1.0000 0.7888 1.5651 1.7989 -16.7113 -2.7268 0.8272 1.4520 0.6202
3 0.0000 0 0.0000 -1.0000 -1.0000 -1.0000 -1.0000 0.7777 1.5669 1.7557 -14.1102 24.4335 0.7948 1.2311 0.5678
3 0.0000 0 0.0000 -1.0000 -1.0000 -1.0000 -1.0000 0.8779 1.6520 1.8011 -12.9484 16.6203 0.8252 -0.6356 0.4265
3 0.0000 0 0.0000 -1.0000 -1.0000 -1.0000 -1.0000 0.8405 1.5980 1.8671 -21.9177 25.6894 0.9521 -1.3644 0.3720
3 0.0000 0 0.0000 -1.0000 -1.0000 -1.0000 -1.0000 0.6665 1.1131 1.6841 -45.3055 14.1348 0.8904 1.7919 0.3142
1 0.0000 0 0.0000 -1.0000 -1.0000 -1.0000 -1.0000 0.7317 1.6854 0.7160 -25.7559 20.3910 1.0767 0.1478 0.4255
1 0.0000 0 0.0000 -1.0000 -1.0000 -1.0000 -1.0000 0.7100 1.6923 0.6607 -0.8104 -36.6315 0.9979 0.2306 0.4007
