2 0.0000 0 0.0000 -1.0000 -1.0000 -1.0000 -1.0000 1.9156 1.5162 4.4428 -32.1549 11.8892 1.0950 -3.1275 0.6008
2 0.0000 0 0.0000 -1.0000 -1.0000 -1.0000 -1.0000 1.8897 1.4467 4.4944 -25.5677 11.5315 0.9576 3.1402 0.5913
2 0.0000 0 0.0000 -1.0000 -1.0000 -1.0000 -1.0000 1.9302 1.5295 4.5603 -45.4724 8.2716 1.6069 1.8478 0.5858
2 0.0000 0 0.0000 -1.0000 -1.0000 -1.0000 -1.0000 1.8895 1.4665 4.4579 -40.2310 11.8160 1.3443 -3.0991 0.5667
2 0.0000 0 0.0000 -1.0000 -1.0000 -1.0000 -1.0000 1.9510 1.6005 4.5762 64.4844 35.2254 -0.6543 0.0947 0.5320
2 0.0000 0 0.0000 -1.0000 -1.0000 -1.0000 -1.0000 1.9094 1.4984 4.5550 9.7167 -37.0891 1.5480 -1.7213 0.5085
2 0.0000 0 0.0000 -1.0000 -1.0000 -1.0000 -1.0000 2.0532 1.7518 4.8654 67.0594 21.3212 -0.3801 -0.9182 0.4516
2 0.0000 0 0.0000 -1.0000 -1.0000 -1.0000 -1.0000 1.9586 1.6533 4.6145 67.6718 29.1628 -0.4790 1.2399 0.4033
2 0.0000 0 0.0000 -1.0000 -1.0000 -1.0000 -1.0000 1.9238 2.0561 4.3874 10.7715 14.9476 0.5811 -2.4610 0.3951
2 0.0000 0 0.0000 -1.0000 -1.0000 -1.0000 -1.0000 1.9411 1.7905 4.6865 -79.4132 6.6359 2.1838 -3.1325 0.3503
3 0.0000 0 0.0000 -1.0000 -1.0000 -1.0000 -1.0000 0.8378 1.5634 1.9109 8.2952 -23.6094 1.0508 1.4920 0.5048
3 0.0000 0 0.0000 -1.0000 -1.0000 -1.0000 -1.0000 0.8973 1.6065 1.8816 27.5944 -0.2452 0.6189 2.1598 0.4517
3 0.0000 0 0.0000 -1.0000 -1.0000 -1.0000 -1.0000 0.6780 1.2372 1.6864 -18.5584 16.1872 0.6708 1.8059 0.4316
3 0.0000 0 0.0000 -1.0000 -1.0000 -1.0000 -1.0000 0.8521 1.6676 1.8170 29.4637 0.2274 0.6708 -1.0117 0.3993
3 0.0000 0 0.0000 -1.0000 -1.0000 -1.0000 -1.0000 0.7170 1.5154 1.7107 0.9674 20.6916 0.4979 1.5077 0.3702
3 0.0000 0 0.0000 -1.0000 -1.0000 -1.0000 -1.0000 0.7003 1.3354 1.7369 -3.4322 18.0748 0.5566 -1.5590 0.3539
3 0.0000 0 0.0000 -1.0000 -1.0000 -1.0000 -1.0000 0.9023 1.6112 2.0118 10.1142 -5.3959 0.8764 1.4991 0.3411
3 0.0000 0 0.0000 -1.0000 -1.0000 -1.0000 -1.0000 0.7271 1.3432 1.7013 -20.6746 13.7036 0.7775 0.8591 0.3329
3 0.0000 0 0.0000 -1.0000 -1.0000 -1.0000 -1.0000 0.6797 1.3001 1.6970 2.6548 25.4021 0.3041 1.4358 0.3248
1 0.0000 0 0.0000 -1.0000 -1.0000 -1.0000 -1.0000 0.7048 1.6834 0.6453 -14.5791 19.5953 0.8973 0.1851 0.4462
1 0.0000 0 0.0000 -1.0000 -1.0000 -1.0000 -1.0000 0.7428 1.7056 0.7691 -30.3816 22.3169 1.3628 2.9282 0.3000
