2 0.0000 0 0.0000 -1.0000 -1.0000 -1.0000 -1.0000 1.9432 1.4999 4.6427 -48.7333 10.8311 1.6357 -3.1270 0.6546
2 0.0000 0 0.0000 -1.0000 -1.0000 -1.0000 -1.0000 1.8709 1.4488 4.4032 -33.9857 10.7491 1.2346 -3.0717 0.6515
2 0.0000 0 0.0000 -1.0000 -1.0000 -1.0000 -1.0000 1.9100 1.8796 4.4209 -6.6534 10.0919 0.9644 -2.8045 0.6177
2 0.0000 0 0.0000 -1.0000 -1.0000 -1.0000 -1.0000 1.9467 1.5317 4.5881 2.5497 -36.5624 0.9329 -1.6521 0.5868
2 0.0000 0 0.0000 -1.0000 -1.0000 -1.0000 -1.0000 1.8239 1.4373 4.4016 -40.4504 10.8411 1.4111 -3.1408 0.5868
2 0.0000 0 0.0000 -1.0000 -1.0000 -1.0000 -1.0000 1.9793 1.5096 4.6032 62.1617 6.8938 -0.1230 -3.0470 0.5552
2 0.0000 0 0.0000 -1.0000 -1.0000 -1.0000 -1.0000 1.9240 1.5684 4.6132 -58.3835 9.2115 1.9138 -0.1623 0.4960
2 0.0000 0 0.0000 -1.0000 -1.0000 -1.0000 -1.0000 1.9215 1.5951 4.5922 -49.2145 -12.2353 1.5620 -1.4840 0.4825
2 0.0000 0 0.0000 -1.0000 -1.0000 -1.0000 -1.0000 1.9722 1.5586 4.6848 55.4209 37.2524 -0.2411 0.1069 0.4650
2 0.0000 0 0.0000 -1.0000 -1.0000 -1.0000 -1.0000 1.9636 1.6405 4.6655 58.4428 31.4414 -0.2389 1.2480 0.4557
3 0.0000 0 0.0000 -1.0000 -1.0000 -1.0000 -1.0000 0.7619 1.5689 1.7570 3.4983 7.0153 0.7349 1.5407 0.5915
3 0.0000 0 0.0000 -1.0000 -1.0000 -1.0000 -1.0000 0.7842 1.5585 1.8120 1.0790 -14.1156 0.7248 1.5710 0.5683
3 0.0000 0 0.0000 -1.0000 -1.0000 -1.0000 -1.0000 0.8876 1.6220 1.8815 12.4741 8.6856 0.6485 2.3719 0.5260
3 0.0000 0 0.0000 -1.0000 -1.0000 -1.0000 -1.0000 0.8387 1.6159 1.7865 14.2794 9.2804 0.6514 2.3638 0.4512
3 0.0000 0 0.0000 -1.0000 -1.0000 -1.0000 -1.0000 0.6916 1.3453 1.6566 -29.4583 13.1712 1.1132 -0.5558 0.3981
3 0.0000 0 0.0000 -1.0000 -1.0000 -1.0000 -1.0000 0.6796 1.2072 1.7000 -6.5216 25.7373 0.7372 1.8215 0.3641
3 0.0000 0 0.0000 -1.0000 -1.0000 -1.0000 -1.0000 0.7842 1.5581 1.7682 -2.8766 26.0054 0.8089 1.6783 0.3188
3 0.0000 0 0.0000 -1.0000 -1.0000 -1.0000 -1.0000 0.6654 1.1571 1.6486 -25.3438 15.5550 1.0161 1.7104 0.3143
3 0.0000 0 0.0000 -1.0000 -1.0000 -1.0000 -1.0000 0.6836 1.2970 1.6767 -2.6598 29.7895 0.7382 -1.2241 0.3036
