2 0.0000 0 0.0000 -1.0000 -1.0000 -1.0000 -1.0000 1.8620 1.5496 4.4571 50.0990 8.5336 0.3662 3.0160 0.6798
2 0.0000 0 0.0000 -1.0000 -1.0000 -1.0000 -1.0000 1.9976 1.4703 4.6156 42.4830 39.0676 0.5696 -0.0826 0.6587
2 0.0000 0 0.0000 -1.0000 -1.0000 -1.0000 -1.0000 1.9606 1.8420 4.5333 -28.2846 6.7042 1.1112 -2.9680 0.5833
2 0.0000 0 0.0000 -1.0000 -1.0000 -1.0000 -1.0000 1.9160 1.4808 4.5603 -62.3531 -7.2111 1.1449 -1.1785 0.5786
2 0.0000 0 0.0000 -1.0000 -1.0000 -1.0000 -1.0000 1.9921 1.6626 4.7278 -72.1258 6.9527 1.5239 -3.0826 0.5577
2 0.0000 0 0.0000 -1.0000 -1.0000 -1.0000 -1.0000 1.8862 1.5273 4.5347 -60.6645 9.0449 1.3460 -3.0936 0.5360
2 0.0000 0 0.0000 -1.0000 -1.0000 -1.0000 -1.0000 1.9490 1.6167 4.6057 44.6347 33.9294 0.5785 1.4227 0.4258
2 0.0000 0 0.0000 -1.0000 -1.0000 -1.0000 -1.0000 1.9200 1.4952 4.5718 -7.4735 -36.6784 0.8041 -1.5596 0.4090
2 0.0000 0 0.0000 -1.0000 -1.0000 -1.0000 -1.0000 1.8578 1.4827 4.5133 -46.1626 9.7269 1.1355 -3.0075 0.3797
2 0.0000 0 0.0000 -1.0000 -1.0000 -1.0000 -1.0000 1.9177 1.5733 4.5560 45.5433 25.3045 0.4921 2.5193 0.3758
2 0.0000 0 0.0000 -1.0000 -1.0000 -1.0000 -1.0000 1.9121 1.4977 4.5020 54.2655 35.3147 0.5981 0.3704 0.3601
2 0.0000 0 0.0000 -1.0000 -1.0000 -1.0000 -1.0000 1.9613 1.6569 4.6492 54.2135 32.2254 0.6909 2.9475 0.3578
2 0.0000 0 0.0000 -1.0000 -1.0000 -1.0000 -1.0000 1.8696 1.4834 4.5661 -52.2509 9.7293 1.1911 -3.1308 0.3361
3 0.0000 0 0.0000 -1.0000 -1.0000 -1.0000 -1.0000 0.7700 1.5348 1.8025 -10.7543 -6.6827 0.7836 1.6431 0.5917
3 0.0000 0 0.0000 -1.0000 -1.0000 -1.0000 -1.0000 0.8796 1.5979 1.8468 -4.8738 14.3364 0.8634 2.4579 0.5173
3 0.0000 0 0.0000 -1.0000 -1.0000 -1.0000 -1.0000 0.7426 1.4327 1.7983 -18.5768 25.6475 0.9787 1.5370 0.5071
3 0.0000 0 0.0000 -1.0000 -1.0000 -1.0000 -1.0000 0.8819 1.6264 1.8541 -19.7782 20.6214 1.0710 0.1104 0.3993
3 0.0000 0 0.0000 -1.0000 -1.0000 -1.0000 -1.0000 0.6859 1.3577 1.7402 -14.1824 29.3677 0.8677 -1.6183 0.3829
3 0.0000 0 0.0000 -1.0000 -1.0000 -1.0000 -1.0000 0.8896 1.6278 1.8889 -8.4034 19.2467 0.8159 1.2677 0.3670
3 0.0000 0 0.0000 -1.0000 -1.0000 -1.0000 -1.0000 0.7733 1.5328 1.8277 -16.4678 25.5415 0.9886 -1.6412 0.3219
3 0.0000 0 0.0000 -1.0000 -1.0000 -1.0000 -1.0000 0.6571 1.0885 1.6726 -39.3775 14.5029 0.9335 1.6310 0.3184
3 0.0000 0 0.0000 -1.0000 -1.0000 -1.0000 -1.0000 0.6585 1.1062 1.6938 -37.1146 14.6195 0.8846 1.6201 0.3055
1 0.0000 0 0.0000 -1.0000 -1.0000 -1.0000 -1.0000 0.6952 1.6553 0.6545 6.9180 -35.0893 0.8678 2.4185 0.4841
1 0.0000 0 0.0000 -1.0000 -1.0000 -1.0000 -1.0000 0.7196 1.6838 0.6959 6.1334 -36.8297 0.8922 2.6598 0.3477
