2 0.0000 0 0.0000 -1.0000 -1.0000 -1.0000 -1.0000 1.9637 1.5326 4.6017 -26.1509 -37.2450 0.9122 -1.4809 0.7090
2 0.0000 0 0.0000 -1.0000 -1.0000 -1.0000 -1.0000 1.9516 1.4394 4.5204 30.2564 9.9864 0.6363 0.0270 0.6989
2 0.0000 0 0.0000 -1.0000 -1.0000 -1.0000 -1.0000 1.9798 1.5444 4.5087 49.9477 10.0545 0.7244 3.1198 0.6809
2 0.0000 0 0.0000 -1.0000 -1.0000 -1.0000 -1.0000 1.8491 1.4561 4.4105 -65.8715 8.1894 0.8260 -3.0309 0.6640
2 0.0000 0 0.0000 -1.0000 -1.0000 -1.0000 -1.0000 1.9730 1.7362 4.6262 23.5445 35.3364 0.7942 -1.6315 0.6289
2 0.0000 0 0.0000 -1.0000 -1.0000 -1.0000 -1.0000 1.9228 1.6929 4.6245 -61.7602 3.8309 0.9236 0.0109 0.4127
2 0.0000 0 0.0000 -1.0000 -1.0000 -1.0000 -1.0000 1.8986 1.4881 4.5220 21.5120 40.3507 0.5898 -3.1283 0.4011
2 0.0000 0 0.0000 -1.0000 -1.0000 -1.0000 -1.0000 1.9283 1.5271 4.5264 -83.7362 -7.1585 0.7730 -0.6223 0.3475
2 0.0000 0 0.0000 -1.0000 -1.0000 -1.0000 -1.0000 1.9279 1.6345 4.5812 25.2895 26.3752 0.6980 2.4452 0.3447
2 0.0000 0 0.0000 -1.0000 -1.0000 -1.0000 -1.0000 1.9085 1.6390 4.5565 29.0432 28.0337 0.7635 1.1025 0.3381
2 0.0000 0 0.0000 -1.0000 -1.0000 -1.0000 -1.0000 1.9316 1.6094 4.6263 32.8845 39.1898 0.9137 1.0737 0.3344
2 0.0000 0 0.0000 -1.0000 -1.0000 -1.0000 -1.0000 1.9260 1.6625 4.5052 33.6165 33.7405 0.8456 -0.4392 0.3331
2 0.0000 0 0.0000 -1.0000 -1.0000 -1.0000 -1.0000 1.8710 1.5150 4.4306 35.1166 30.1136 0.7840 0.4882 0.3200
3 0.0000 0 0.0000 -1.0000 -1.0000 -1.0000 -1.0000 0.8148 1.5770 1.7837 -29.4724 19.3297 0.6975 -0.3844 0.5661
3 0.0000 0 0.0000 -1.0000 -1.0000 -1.0000 -1.0000 0.8621 1.5689 1.8758 -29.2594 4.1593 0.8303 1.8318 0.4586
3 0.0000 0 0.0000 -1.0000 -1.0000 -1.0000 -1.0000 0.7378 1.3841 1.7447 -61.2458 10.6849 0.7678 -0.1414 0.4391
3 0.0000 0 0.0000 -1.0000 -1.0000 -1.0000 -1.0000 0.7271 1.5219 1.7501 -27.0320 34.8772 0.8017 -1.6365 0.3755
3 0.0000 0 0.0000 -1.0000 -1.0000 -1.0000 -1.0000 0.8415 1.5791 1.8093 -31.8587 19.9002 0.6861 -0.2486 0.3492
3 0.0000 0 0.0000 -1.0000 -1.0000 -1.0000 -1.0000 0.6861 1.2882 1.6829 -35.1672 29.2051 0.7081 -1.2402 0.3145
1 0.0000 0 0.0000 -1.0000 -1.0000 -1.0000 -1.0000 0.6884 1.6443 0.6502 -39.1550 19.9800 0.8791 1.9030 0.3861
1 0.0000 0 0.0000 -1.0000 -1.0000 -1.0000 -1.0000 0.6911 1.6047 0.6384 -15.8917 -36.5379 1.0199 0.4085 0.3105
