2 0.0000 0 0.0000 -1.0000 -1.0000 -1.0000 -1.0000 1.9039 1.4235 4.4933 -31.2724 10.8300 1.2132 -3.0627 0.7436
2 0.0000 0 0.0000 -1.0000 -1.0000 -1.0000 -1.0000 1.9886 1.8148 4.5493 -1.5550 11.0668 0.8113 -2.7061 0.6462
2 0.0000 0 0.0000 -1.0000 -1.0000 -1.0000 -1.0000 1.9197 1.6008 4.5755 -54.5106 9.0931 1.8951 -0.3056 0.5739
2 0.0000 0 0.0000 -1.0000 -1.0000 -1.0000 -1.0000 1.9628 1.5869 4.5950 57.7325 37.0081 -0.5796 3.0491 0.5711
2 0.0000 0 0.0000 -1.0000 -1.0000 -1.0000 -1.0000 1.8731 1.4530 4.4869 -45.9582 10.5962 1.5569 -3.1115 0.5610
2 0.0000 0 0.0000 -1.0000 -1.0000 -1.0000 -1.0000 1.8530 1.4777 4.4188 -37.9584 10.8303 1.3682 0.0619 0.5520
2 0.0000 0 0.0000 -1.0000 -1.0000 -1.0000 -1.0000 1.9341 1.5674 4.6054 4.9994 -36.7383 1.1187 -1.7882 0.5157
2 0.0000 0 0.0000 -1.0000 -1.0000 -1.0000 -1.0000 1.9368 1.6120 4.5810 61.7700 30.2022 -0.4912 1.1903 0.4063
2 0.0000 0 0.0000 -1.0000 -1.0000 -1.0000 -1.0000 1.9683 1.6160 4.7213 69.0703 31.3635 -0.2709 1.2613 0.3728
2 0.0000 0 0.0000 -1.0000 -1.0000 -1.0000 -1.0000 1.8696 1.4969 4.5305 -46.3307 -14.2183 1.6243 1.6161 0.3613
2 0.0000 0 0.0000 -1.0000 -1.0000 -1.0000 -1.0000 1.8823 1.6502 4.4727 -2.7156 29.3600 0.8094 -1.3318 0.3465
2 0.0000 0 0.0000 -1.0000 -1.0000 -1.0000 -1.0000 1.9583 1.8201 4.6635 58.7454 32.2141 -0.3324 1.4195 0.3446
2 0.0000 0 0.0000 -1.0000 -1.0000 -1.0000 -1.0000 2.0679 1.8495 4.9133 60.4752 23.3848 -0.3608 2.2362 0.3367
2 0.0000 0 0.0000 -1.0000 -1.0000 -1.0000 -1.0000 1.9501 1.5221 4.5576 64.7441 6.6755 -0.3338 3.0256 0.3212
3 0.0000 0 0.0000 -1.0000 -1.0000 -1.0000 -1.0000 0.8393 1.5947 1.8380 16.7061 6.9496 0.5610 2.3522 0.5282
3 0.0000 0 0.0000 -1.0000 -1.0000 -1.0000 -1.0000 0.7898 1.5278 1.8194 3.7339 -16.2040 0.7568 1.4787 0.4532
3 0.0000 0 0.0000 -1.0000 -1.0000 -1.0000 -1.0000 0.8415 1.6485 1.7699 -4.7340 20.8288 0.8444 0.1822 0.4272
3 0.0000 0 0.0000 -1.0000 -1.0000 -1.0000 -1.0000 0.7103 1.3258 1.7285 -4.0356 26.0476 0.6328 1.7355 0.3890
3 0.0000 0 0.0000 -1.0000 -1.0000 -1.0000 -1.0000 0.7031 1.3715 1.7397 -9.1747 18.1039 0.7738 1.5849 0.3749
3 0.0000 0 0.0000 -1.0000 -1.0000 -1.0000 -1.0000 0.8113 1.5577 1.8402 5.7468 4.0658 0.6698 1.4714 0.3441
3 0.0000 0 0.0000 -1.0000 -1.0000 -1.0000 -1.0000 0.6831 1.1991 1.7295 -24.3024 15.5845 0.9464 1.5250 0.3261
1 0.0000 0 0.0000 -1.0000 -1.0000 -1.0000 -1.0000 0.7191 1.7058 0.7034 22.1893 -37.8520 1.0187 2.7171 0.3806
