2 0.0000 0 0.0000 -1.0000 -1.0000 -1.0000 -1.0000 1.9586 1.4740 4.4671 36.6980 10.6794 0.8717 3.1259 0.7941
2 0.0000 0 0.0000 -1.0000 -1.0000 -1.0000 -1.0000 2.0104 1.4159 4.6300 22.1628 10.3930 0.7707 0.0228 0.7937
2 0.0000 0 0.0000 -1.0000 -1.0000 -1.0000 -1.0000 1.9934 1.6977 4.7345 14.7104 35.6103 0.7207 1.4765 0.6217
2 0.0000 0 0.0000 -1.0000 -1.0000 -1.0000 -1.0000 1.9286 1.4974 4.5665 -34.0910 -37.4601 0.9474 -1.4440 0.5845
2 0.0000 0 0.0000 -1.0000 -1.0000 -1.0000 -1.0000 1.9000 1.4962 4.5109 12.9295 40.5978 0.5555 -3.0786 0.4592
2 0.0000 0 0.0000 -1.0000 -1.0000 -1.0000 -1.0000 1.9463 1.5408 4.5848 -74.1895 7.5116 0.4476 -3.0411 0.4390
2 0.0000 0 0.0000 -1.0000 -1.0000 -1.0000 -1.0000 1.7949 1.5292 4.4211 -80.7979 6.6503 0.4644 -3.0703 0.4172
2 0.0000 0 0.0000 -1.0000 -1.0000 -1.0000 -1.0000 1.9321 1.7738 4.6778 -75.4684 2.6486 0.6418 0.0544 0.3771
2 0.0000 0 0.0000 -1.0000 -1.0000 -1.0000 -1.0000 1.8853 1.7350 4.4635 20.4906 28.1870 0.8617 1.3284 0.3577
2 0.0000 0 0.0000 -1.0000 -1.0000 -1.0000 -1.0000 1.9254 1.5704 4.6247 23.9921 39.7801 0.8926 0.0771 0.3216
2 0.0000 0 0.0000 -1.0000 -1.0000 -1.0000 -1.0000 1.9494 1.6267 4.5971 16.6417 26.5795 0.7533 2.4807 0.3098
3 0.0000 0 0.0000 -1.0000 -1.0000 -1.0000 -1.0000 0.8020 1.5758 1.7532 -43.3164 20.6919 0.5123 -3.0912 0.5860
3 0.0000 0 0.0000 -1.0000 -1.0000 -1.0000 -1.0000 0.8345 1.5978 1.8139 -39.8519 19.8403 0.4617 -0.0554 0.5513
3 0.0000 0 0.0000 -1.0000 -1.0000 -1.0000 -1.0000 0.8166 1.5594 1.8423 -37.8963 8.3594 0.5293 -1.4312 0.5275
3 0.0000 0 0.0000 -1.0000 -1.0000 -1.0000 -1.0000 0.8209 1.6053 1.7802 -48.2344 19.4822 0.5771 0.1850 0.4874
3 0.0000 0 0.0000 -1.0000 -1.0000 -1.0000 -1.0000 0.7887 1.5321 1.7879 -43.6270 25.3581 0.4251 -1.2899 0.3436
3 0.0000 0 0.0000 -1.0000 -1.0000 -1.0000 -1.0000 0.7250 1.4042 1.7188 -42.9048 28.5262 0.3138 -1.2610 0.3267
3 0.0000 0 0.0000 -1.0000 -1.0000 -1.0000 -1.0000 0.7167 1.3547 1.7289 -52.5229 16.7546 0.3572 -0.3131 0.3267
1 0.0000 0 0.0000 -1.0000 -1.0000 -1.0000 -1.0000 0.7300 1.6978 0.7376 -16.1946 -34.2670 1.1147 2.0021 0.3031
