2 0.0000 0 0.0000 -1.0000 -1.0000 -1.0000 -1.0000 2.0022 1.4491 4.5440 19.3793 10.3265 0.6289 -0.0150 0.7720
2 0.0000 0 0.0000 -1.0000 -1.0000 -1.0000 -1.0000 2.0160 1.5120 4.5658 32.6153 10.8225 0.6425 -3.1373 0.6877
2 0.0000 0 0.0000 -1.0000 -1.0000 -1.0000 -1.0000 1.9421 1.7200 4.5595 12.1385 35.5521 0.6242 1.4976 0.6528
2 0.0000 0 0.0000 -1.0000 -1.0000 -1.0000 -1.0000 1.9260 1.5263 4.5981 -37.1567 -37.2659 1.2171 -1.5263 0.6380
2 0.0000 0 0.0000 -1.0000 -1.0000 -1.0000 -1.0000 1.9240 1.4872 4.6003 -76.8367 7.4796 0.8629 -2.9835 0.5373
2 0.0000 0 0.0000 -1.0000 -1.0000 -1.0000 -1.0000 1.9361 1.5023 4.5716 9.9746 40.7029 0.4376 -3.1397 0.4823
2 0.0000 0 0.0000 -1.0000 -1.0000 -1.0000 -1.0000 1.9327 1.5791 4.6583 22.1677 35.1043 0.6707 1.6140 0.3461
2 0.0000 0 0.0000 -1.0000 -1.0000 -1.0000 -1.0000 1.8930 1.6812 4.5352 17.5229 27.8136 0.6372 1.9001 0.3286
2 0.0000 0 0.0000 -1.0000 -1.0000 -1.0000 -1.0000 1.8891 1.5070 4.5129 14.3844 34.2316 0.5546 -1.7444 0.3246
2 0.0000 0 0.0000 -1.0000 -1.0000 -1.0000 -1.0000 1.9460 1.7179 4.7203 -80.4705 2.4757 1.0357 0.0654 0.3152
2 0.0000 0 0.0000 -1.0000 -1.0000 -1.0000 -1.0000 1.8847 1.6405 4.4663 13.8696 26.7679 0.5628 2.1577 0.3023
3 0.0000 0 0.0000 -1.0000 -1.0000 -1.0000 -1.0000 0.7889 1.5218 1.7903 -43.4566 20.0260 0.6821 -2.5352 0.5470
3 0.0000 0 0.0000 -1.0000 -1.0000 -1.0000 -1.0000 0.8458 1.5733 1.8126 -47.2446 20.7580 0.7876 0.2458 0.4637
3 0.0000 0 0.0000 -1.0000 -1.0000 -1.0000 -1.0000 0.7767 1.5367 1.8246 -41.0634 9.8905 0.7394 -1.4648 0.4116
3 0.0000 0 0.0000 -1.0000 -1.0000 -1.0000 -1.0000 0.8628 1.6452 1.8076 -50.8008 19.3638 0.9316 0.1370 0.3751
3 0.0000 0 0.0000 -1.0000 -1.0000 -1.0000 -1.0000 0.7664 1.4947 1.7748 -46.3278 25.1861 0.7389 -1.4113 0.3451
3 0.0000 0 0.0000 -1.0000 -1.0000 -1.0000 -1.0000 0.7917 1.5608 1.7929 -47.2408 24.4522 0.7364 -1.4064 0.3313
1 0.0000 0 0.0000 -1.0000 -1.0000 -1.0000 -1.0000 0.7444 1.6709 0.7623 -18.6021 -34.0917 1.2213 0.9127 0.4162
1 0.0000 0 0.0000 -1.0000 -1.0000 -1.0000 -1.0000 0.7203 1.6745 0.7062 -28.1189 -36.5504 1.3719 3.0123 0.4138
1 0.0000 0 0.0000 -1.0000 -1.0000 -1.0000 -1.0000 0.7439 1.7004 0.6890 -50.6705 19.4499 0.9353 -3.0041 0.3250
