2 0.0000 0 0.0000 -1.0000 -1.0000 -1.0000 -1.0000 1.9910 1.4792 4.6572 41.7074 39.2164 0.5166 0.0595 0.6548
2 0.0000 0 0.0000 -1.0000 -1.0000 -1.0000 -1.0000 1.9196 1.4893 4.5225 49.3923 8.9363 0.3540 3.1264 0.6352
2 0.0000 0 0.0000 -1.0000 -1.0000 -1.0000 -1.0000 1.9825 1.8410 4.6347 -29.7528 6.5740 1.1193 0.1708 0.6007
2 0.0000 0 0.0000 -1.0000 -1.0000 -1.0000 -1.0000 1.9414 1.5048 4.5927 -8.3675 -36.6625 0.7975 -1.5462 0.5764
2 0.0000 0 0.0000 -1.0000 -1.0000 -1.0000 -1.0000 1.9405 1.7286 4.5918 43.1392 34.1599 0.6186 1.4631 0.5254
2 0.0000 0 0.0000 -1.0000 -1.0000 -1.0000 -1.0000 1.9817 1.6627 4.7473 -72.8578 6.5524 1.5946 -0.0086 0.5164
2 0.0000 0 0.0000 -1.0000 -1.0000 -1.0000 -1.0000 1.9035 1.5384 4.5437 -61.3129 8.8023 1.4526 -3.1087 0.5026
2 0.0000 0 0.0000 -1.0000 -1.0000 -1.0000 -1.0000 1.8430 1.4788 4.4386 -53.1531 9.2638 1.1794 -3.1098 0.4487
2 0.0000 0 0.0000 -1.0000 -1.0000 -1.0000 -1.0000 1.8554 1.4518 4.4590 -46.6469 9.4076 1.0935 -2.9847 0.4251
2 0.0000 0 0.0000 -1.0000 -1.0000 -1.0000 -1.0000 1.9002 1.4848 4.5585 -62.9553 -7.1868 1.1062 -1.2005 0.3867
2 0.0000 0 0.0000 -1.0000 -1.0000 -1.0000 -1.0000 1.9441 1.5987 4.7108 48.5443 27.0587 0.5883 1.4671 0.3368
2 0.0000 0 0.0000 -1.0000 -1.0000 -1.0000 -1.0000 1.9803 1.6993 4.7287 53.6579 32.2795 0.6756 3.1147 0.3305
2 0.0000 0 0.0000 -1.0000 -1.0000 -1.0000 -1.0000 1.9494 1.6186 4.6251 44.7198 25.6437 0.4992 -1.0183 0.3170
3 0.0000 0 0.0000 -1.0000 -1.0000 -1.0000 -1.0000 0.8178 1.5960 1.7990 -9.0960 19.8195 0.7871 1.2249 0.5858
3 0.0000 0 0.0000 -1.0000 -1.0000 -1.0000 -1.0000 0.7988 1.5845 1.8203 -11.4184 -6.1538 0.7386 1.7337 0.4586
3 0.0000 0 0.0000 -1.0000 -1.0000 -1.0000 -1.0000 0.8419 1.6363 1.8084 -5.8434 14.6222 0.8872 2.3638 0.4489
3 0.0000 0 0.0000 -1.0000 -1.0000 -1.0000 -1.0000 0.8354 1.6658 1.7718 -20.2010 20.5789 1.1264 0.1684 0.4129
3 0.0000 0 0.0000 -1.0000 -1.0000 -1.0000 -1.0000 0.8788 1.5872 1.8769 -4.5445 15.8849 0.8353 2.4086 0.3982
3 0.0000 0 0.0000 -1.0000 -1.0000 -1.0000 -1.0000 0.8470 1.5898 1.8812 -16.3475 25.8318 0.9803 -1.7679 0.3832
3 0.0000 0 0.0000 -1.0000 -1.0000 -1.0000 -1.0000 0.6600 1.1427 1.6741 -40.5549 14.3970 1.0112 1.7897 0.3723
1 0.0000 0 0.0000 -1.0000 -1.0000 -1.0000 -1.0000 0.7026 1.6630 0.6759 6.2716 -35.0623 0.9149 -2.2134 0.5151
1 0.0000 0 0.0000 -1.0000 -1.0000 -1.0000 -1.0000 0.7107 1.6899 0.6743 5.2876 -36.6740 0.9221 2.8606 0.3869
1 0.0000 0 0.0000 -1.0000 -1.0000 -1.0000 -1.0000 0.7525 1.6934 0.7517 -20.0872 20.5394 1.1243 0.1625 0.3031
