2 0.0000 0 0.0000 -1.0000 -1.0000 -1.0000 -1.0000 1.9598 1.4522 4.6213 39.2116 39.4510 0.5698 -0.0298 0.6712
2 0.0000 0 0.0000 -1.0000 -1.0000 -1.0000 -1.0000 1.8514 1.5277 4.4235 47.0220 8.9922 0.5170 3.1336 0.6585
2 0.0000 0 0.0000 -1.0000 -1.0000 -1.0000 -1.0000 1.9318 1.5037 4.5730 -10.3636 -36.8561 0.8239 -1.5160 0.6064
2 0.0000 0 0.0000 -1.0000 -1.0000 -1.0000 -1.0000 1.9185 1.5330 4.5504 -65.5000 -7.2102 1.0542 -1.1861 0.5700
2 0.0000 0 0.0000 -1.0000 -1.0000 -1.0000 -1.0000 1.9582 1.5923 4.7116 -75.1378 6.2321 1.4308 -3.0344 0.5272
2 0.0000 0 0.0000 -1.0000 -1.0000 -1.0000 -1.0000 1.9196 1.7129 4.5367 41.0084 34.2227 0.6966 1.4688 0.4872
2 0.0000 0 0.0000 -1.0000 -1.0000 -1.0000 -1.0000 1.8325 1.5734 4.4450 -63.6723 8.2898 1.1909 0.1454 0.4567
2 0.0000 0 0.0000 -1.0000 -1.0000 -1.0000 -1.0000 1.9571 1.5119 4.6244 81.1847 8.0880 0.4211 0.0027 0.4562
2 0.0000 0 0.0000 -1.0000 -1.0000 -1.0000 -1.0000 1.8508 1.4855 4.3911 -55.0582 9.1324 1.0881 -3.0421 0.4359
2 0.0000 0 0.0000 -1.0000 -1.0000 -1.0000 -1.0000 1.9220 1.5382 4.5549 51.0392 35.6372 0.6508 0.2238 0.3625
2 0.0000 0 0.0000 -1.0000 -1.0000 -1.0000 -1.0000 1.9059 1.8789 4.5892 -33.7701 6.3023 1.0336 0.1480 0.3460
2 0.0000 0 0.0000 -1.0000 -1.0000 -1.0000 -1.0000 2.0041 1.5663 4.7213 42.6224 25.6351 0.6300 2.4919 0.3453
3 0.0000 0 0.0000 -1.0000 -1.0000 -1.0000 -1.0000 0.8091 1.5638 1.8251 -13.6827 -4.7496 0.8144 1.5319 0.5788
3 0.0000 0 0.0000 -1.0000 -1.0000 -1.0000 -1.0000 0.7345 1.4013 1.7209 -44.4441 11.8056 0.9026 -0.2489 0.5100
3 0.0000 0 0.0000 -1.0000 -1.0000 -1.0000 -1.0000 0.8528 1.5728 1.8549 -7.5488 16.3264 0.8104 -0.6792 0.4694
3 0.0000 0 0.0000 -1.0000 -1.0000 -1.0000 -1.0000 0.7703 1.6218 1.7405 -11.2621 21.8401 0.7896 -2.1820 0.3965
3 0.0000 0 0.0000 -1.0000 -1.0000 -1.0000 -1.0000 0.7368 1.3595 1.7813 -21.9084 25.7419 0.9595 1.7331 0.3777
3 0.0000 0 0.0000 -1.0000 -1.0000 -1.0000 -1.0000 0.7794 1.5615 1.7849 -18.3400 25.8926 0.9791 -0.7293 0.3607
3 0.0000 0 0.0000 -1.0000 -1.0000 -1.0000 -1.0000 0.7662 1.4680 1.7913 -19.8487 25.4484 0.9516 -1.3801 0.3113
3 0.0000 0 0.0000 -1.0000 -1.0000 -1.0000 -1.0000 0.6956 1.3969 1.7041 -18.1291 29.7132 0.8523 -1.4899 0.3095
1 0.0000 0 0.0000 -1.0000 -1.0000 -1.0000 -1.0000 0.6855 1.6699 0.6259 -22.1574 20.4742 1.0135 2.2006 0.4977
1 0.0000 0 0.0000 -1.0000 -1.0000 -1.0000 -1.0000 0.6979 1.6578 0.6509 4.4363 -34.9764 0.9499 -2.2334 0.4686
1 0.0000 0 0.0000 -1.0000 -1.0000 -1.0000 -1.0000 0.7012 1.6538 0.6556 2.7430 -36.5492 0.9349 0.0084 0.4294
1 0.0000 0 0.0000 -1.0000 -1.0000 -1.0000 -1.0000 0.7291 1.7200 0.7277 -59.5928 18.7259 1.5784 0.0333 0.4233
