2 0.0000 0 0.0000 -1.0000 -1.0000 -1.0000 -1.0000 1.9218 1.4777 4.5662 -61.3456 8.5755 -0.0618 -3.0100 0.6686
2 0.0000 0 0.0000 -1.0000 -1.0000 -1.0000 -1.0000 1.9359 1.5062 4.5740 -22.3003 -37.1794 0.7593 -1.5181 0.6400
2 0.0000 0 0.0000 -1.0000 -1.0000 -1.0000 -1.0000 2.0013 1.6552 4.6813 -79.0131 -6.8292 -0.0111 -0.9050 0.5976
2 0.0000 0 0.0000 -1.0000 -1.0000 -1.0000 -1.0000 1.9438 1.7981 4.5663 27.6584 35.0568 1.1623 1.4579 0.5900
2 0.0000 0 0.0000 -1.0000 -1.0000 -1.0000 -1.0000 1.9443 1.5040 4.4982 34.7882 9.7044 1.1529 3.1283 0.5825
2 0.0000 0 0.0000 -1.0000 -1.0000 -1.0000 -1.0000 1.9654 1.4684 4.5956 38.5091 36.9527 1.2417 -3.0309 0.5736
2 0.0000 0 0.0000 -1.0000 -1.0000 -1.0000 -1.0000 2.0036 1.6579 4.6740 29.6727 26.2136 1.0966 2.4392 0.4318
2 0.0000 0 0.0000 -1.0000 -1.0000 -1.0000 -1.0000 1.9963 1.5657 4.6196 57.5732 9.6106 1.5526 3.1150 0.3849
2 0.0000 0 0.0000 -1.0000 -1.0000 -1.0000 -1.0000 1.9050 1.7139 4.5613 33.3934 27.8561 1.2479 1.2269 0.3664
2 0.0000 0 0.0000 -1.0000 -1.0000 -1.0000 -1.0000 1.9816 1.6381 4.7442 38.5038 33.7056 1.3711 -3.1413 0.3501
2 0.0000 0 0.0000 -1.0000 -1.0000 -1.0000 -1.0000 1.9335 1.4997 4.6105 30.7720 33.5646 1.0552 -1.9012 0.3357
2 0.0000 0 0.0000 -1.0000 -1.0000 -1.0000 -1.0000 1.9384 1.4881 4.6073 40.3152 29.4694 1.2099 0.2758 0.3178
2 0.0000 0 0.0000 -1.0000 -1.0000 -1.0000 -1.0000 1.8493 1.5195 4.5063 -67.9467 8.2791 -0.0311 -3.1050 0.3066
4 0.0000 0 0.0000 -1.0000 -1.0000 -1.0000 -1.0000 2.0476 2.0540 5.3405 -54.7430 4.3659 0.2747 -2.9869 0.3540
3 0.0000 0 0.0000 -1.0000 -1.0000 -1.0000 -1.0000 0.7911 1.6031 1.7921 -22.5592 31.6057 0.3185 -1.7080 0.5453
3 0.0000 0 0.0000 -1.0000 -1.0000 -1.0000 -1.0000 0.8713 1.5950 1.8726 -23.8819 18.8901 0.3093 -0.4655 0.4172
3 0.0000 0 0.0000 -1.0000 -1.0000 -1.0000 -1.0000 0.8265 1.6001 1.7926 -25.5371 19.0400 0.2992 2.6991 0.3071
1 0.0000 0 0.0000 -1.0000 -1.0000 -1.0000 -1.0000 0.7231 1.6730 0.6976 -11.0600 -36.5232 1.0344 0.0117 0.3767
1 0.0000 0 0.0000 -1.0000 -1.0000 -1.0000 -1.0000 0.7214 1.6778 0.6576 -35.2683 20.0890 0.3403 -2.0054 0.3130
