2 0.0000 0 0.0000 -1.0000 -1.0000 -1.0000 -1.0000 1.9110 1.4623 4.5069 -27.2511 11.0420 1.1489 -3.0332 0.7679
2 0.0000 0 0.0000 -1.0000 -1.0000 -1.0000 -1.0000 1.9274 1.5089 4.5838 8.8587 -36.9411 1.3958 1.5034 0.6047
2 0.0000 0 0.0000 -1.0000 -1.0000 -1.0000 -1.0000 2.0539 1.9555 4.6116 7.1954 13.6547 0.6415 -2.5342 0.5460
2 0.0000 0 0.0000 -1.0000 -1.0000 -1.0000 -1.0000 1.9441 1.6364 4.5602 63.5530 31.0509 -0.4766 1.3238 0.4971
2 0.0000 0 0.0000 -1.0000 -1.0000 -1.0000 -1.0000 1.9390 1.5105 4.5753 -47.9823 8.7438 1.7697 2.1759 0.4829
2 0.0000 0 0.0000 -1.0000 -1.0000 -1.0000 -1.0000 1.8470 1.4494 4.4558 -33.8340 11.2351 1.3018 -3.0993 0.4428
2 0.0000 0 0.0000 -1.0000 -1.0000 -1.0000 -1.0000 1.8256 1.4327 4.4535 -41.9883 11.1786 1.5300 -3.0275 0.3462
3 0.0000 0 0.0000 -1.0000 -1.0000 -1.0000 -1.0000 0.8284 1.6058 1.8356 9.1890 -2.2143 0.8091 1.4290 0.5222
3 0.0000 0 0.0000 -1.0000 -1.0000 -1.0000 -1.0000 0.7214 1.4578 1.7587 7.2270 -20.5527 0.8591 1.4634 0.4719
3 0.0000 0 0.0000 -1.0000 -1.0000 -1.0000 -1.0000 0.6881 1.2779 1.7000 0.5765 26.0142 0.3814 1.8159 0.3816
3 0.0000 0 0.0000 -1.0000 -1.0000 -1.0000 -1.0000 0.8778 1.5855 1.9293 24.2940 2.5607 0.4687 2.2948 0.3772
3 0.0000 0 0.0000 -1.0000 -1.0000 -1.0000 -1.0000 0.6884 1.1640 1.7069 -20.2479 15.8492 0.8714 1.6937 0.3618
3 0.0000 0 0.0000 -1.0000 -1.0000 -1.0000 -1.0000 0.7385 1.3112 1.7225 -22.4372 13.5851 0.9126 -1.0291 0.3458
3 0.0000 0 0.0000 -1.0000 -1.0000 -1.0000 -1.0000 0.7150 1.5433 1.6923 -0.8787 20.6876 0.5415 1.4964 0.3280
3 0.0000 0 0.0000 -1.0000 -1.0000 -1.0000 -1.0000 0.8529 1.5999 1.8478 26.0007 2.9579 0.4875 2.3092 0.3235
3 0.0000 0 0.0000 -1.0000 -1.0000 -1.0000 -1.0000 0.6973 1.2424 1.7276 -16.1517 16.1392 0.8507 -1.4952 0.3003
1 0.0000 0 0.0000 -1.0000 -1.0000 -1.0000 -1.0000 0.7139 1.6883 0.7095 -32.7543 21.8403 1.4959 3.0642 0.4510
