2 0.0000 0 0.0000 -1.0000 -1.0000 -1.0000 -1.0000 1.9121 1.4593 4.4570 -39.5133 10.3405 1.1387 -3.0629 0.7576
2 0.0000 0 0.0000 -1.0000 -1.0000 -1.0000 -1.0000 1.9599 1.9384 4.4550 -16.8099 8.3550 1.0883 -2.8925 0.6428
2 0.0000 0 0.0000 -1.0000 -1.0000 -1.0000 -1.0000 1.9628 1.8042 4.6244 50.8724 33.1744 0.6506 1.4030 0.5729
2 0.0000 0 0.0000 -1.0000 -1.0000 -1.0000 -1.0000 1.8553 1.4560 4.4555 -45.9604 10.3173 1.3269 -3.1249 0.5387
2 0.0000 0 0.0000 -1.0000 -1.0000 -1.0000 -1.0000 1.9326 1.4757 4.5865 -2.4135 -36.4881 0.6555 -1.6975 0.5349
2 0.0000 0 0.0000 -1.0000 -1.0000 -1.0000 -1.0000 1.9269 1.6918 4.5621 -65.1599 8.1438 1.6752 -0.0132 0.5254
2 0.0000 0 0.0000 -1.0000 -1.0000 -1.0000 -1.0000 1.8926 1.5930 4.5798 -54.2422 9.8362 1.6113 -3.0304 0.4955
2 0.0000 0 0.0000 -1.0000 -1.0000 -1.0000 -1.0000 1.8948 1.4975 4.5014 56.7180 7.5068 0.2085 3.0360 0.4574
2 0.0000 0 0.0000 -1.0000 -1.0000 -1.0000 -1.0000 1.8754 1.4993 4.5223 -55.0532 -9.0583 1.1585 -1.4071 0.4554
2 0.0000 0 0.0000 -1.0000 -1.0000 -1.0000 -1.0000 1.9473 1.5980 4.5868 52.3863 24.2920 0.4563 -0.9006 0.4448
2 0.0000 0 0.0000 -1.0000 -1.0000 -1.0000 -1.0000 1.9624 1.6623 4.7054 61.3940 31.4404 0.5240 0.2491 0.3466
2 0.0000 0 0.0000 -1.0000 -1.0000 -1.0000 -1.0000 1.9544 1.5028 4.6357 49.5524 38.1018 0.4861 0.0274 0.3184
5 0.0000 0 0.0000 -1.0000 -1.0000 -1.0000 -1.0000 1.1403 1.6936 2.5815 4.9686 12.1191 0.8447 -0.6537 0.3688
3 0.0000 0 0.0000 -1.0000 -1.0000 -1.0000 -1.0000 0.7820 1.5670 1.7637 -4.2939 -10.5112 0.6964 -1.1833 0.6190
3 0.0000 0 0.0000 -1.0000 -1.0000 -1.0000 -1.0000 0.6989 1.4242 1.6783 -34.6552 12.6436 1.0854 -0.2357 0.4752
3 0.0000 0 0.0000 -1.0000 -1.0000 -1.0000 -1.0000 0.8788 1.6048 1.8644 -2.0216 12.9075 0.8016 1.9625 0.4223
3 0.0000 0 0.0000 -1.0000 -1.0000 -1.0000 -1.0000 0.6854 1.2415 1.6847 -12.1183 25.6360 1.0051 2.4363 0.3878
3 0.0000 0 0.0000 -1.0000 -1.0000 -1.0000 -1.0000 1.0022 1.6517 2.0215 4.9621 12.2066 0.8413 -0.6543 0.3232
3 0.0000 0 0.0000 -1.0000 -1.0000 -1.0000 -1.0000 0.7844 1.5399 1.8230 -8.7032 25.8395 1.0347 -1.6509 0.3058
1 0.0000 0 0.0000 -1.0000 -1.0000 -1.0000 -1.0000 0.7016 1.6771 0.6657 12.9247 -37.2195 0.6705 3.1237 0.5187
1 0.0000 0 0.0000 -1.0000 -1.0000 -1.0000 -1.0000 0.7111 1.7085 0.6581 -48.3198 20.4415 1.9053 -0.0127 0.4053
