2 0.0000 0 0.0000 -1.0000 -1.0000 -1.0000 -1.0000 1.9889 1.4973 4.5871 29.8355 10.7882 0.7252 3.1201 0.7965
2 0.0000 0 0.0000 -1.0000 -1.0000 -1.0000 -1.0000 2.0103 1.4467 4.5897 17.5262 10.3309 0.6675 3.1320 0.7583
2 0.0000 0 0.0000 -1.0000 -1.0000 -1.0000 -1.0000 1.9135 1.5110 4.5794 -38.8312 -37.4862 1.2058 -1.5610 0.5809
2 0.0000 0 0.0000 -1.0000 -1.0000 -1.0000 -1.0000 1.9145 1.7800 4.4418 10.0898 35.5363 0.5388 1.4820 0.5662
2 0.0000 0 0.0000 -1.0000 -1.0000 -1.0000 -1.0000 1.9203 1.6380 4.5750 -78.6526 7.4268 0.5688 -3.0563 0.5646
2 0.0000 0 0.0000 -1.0000 -1.0000 -1.0000 -1.0000 1.9358 1.5141 4.5775 8.0491 40.8078 0.3354 -0.0036 0.4636
2 0.0000 0 0.0000 -1.0000 -1.0000 -1.0000 -1.0000 1.9310 1.5716 4.5643 12.0843 34.8215 0.4582 1.4853 0.4203
2 0.0000 0 0.0000 -1.0000 -1.0000 -1.0000 -1.0000 1.9052 1.5134 4.6145 20.3623 33.4238 0.5812 -1.4585 0.4166
2 0.0000 0 0.0000 -1.0000 -1.0000 -1.0000 -1.0000 1.9383 1.7537 4.6516 -82.9424 2.2514 0.7373 -3.0237 0.3556
2 0.0000 0 0.0000 -1.0000 -1.0000 -1.0000 -1.0000 1.8916 1.6200 4.4736 12.0055 26.8959 0.4936 2.1293 0.3264
2 0.0000 0 0.0000 -1.0000 -1.0000 -1.0000 -1.0000 1.8923 1.6623 4.5262 15.6037 27.9550 0.6206 -1.1910 0.3175
2 0.0000 0 0.0000 -1.0000 -1.0000 -1.0000 -1.0000 1.9068 1.7588 4.5529 82.4818 17.7203 0.8558 0.0263 0.3109
5 0.0000 0 0.0000 -1.0000 -1.0000 -1.0000 -1.0000 1.1323 1.5826 2.5846 -46.1289 20.2500 0.4918 -2.8880 0.3798
3 0.0000 0 0.0000 -1.0000 -1.0000 -1.0000 -1.0000 0.8292 1.5473 1.8325 -42.9697 10.8944 0.5674 -1.3505 0.5359
3 0.0000 0 0.0000 -1.0000 -1.0000 -1.0000 -1.0000 0.9377 1.5960 1.9683 -46.1114 20.2008 0.4981 -2.8741 0.3735
3 0.0000 0 0.0000 -1.0000 -1.0000 -1.0000 -1.0000 0.7955 1.5026 1.8222 -48.3455 25.1748 0.4562 -1.4702 0.3644
3 0.0000 0 0.0000 -1.0000 -1.0000 -1.0000 -1.0000 0.8044 1.5977 1.7579 -52.9096 19.2925 0.6612 0.1568 0.3154
3 0.0000 0 0.0000 -1.0000 -1.0000 -1.0000 -1.0000 0.8122 1.5693 1.7768 -50.2687 20.8496 0.5957 0.2432 0.3136
