2 0.0000 0 0.0000 -1.0000 -1.0000 -1.0000 -1.0000 1.8856 1.4576 4.4516 -40.6911 10.1989 1.0899 -3.0251 0.7265
2 0.0000 0 0.0000 -1.0000 -1.0000 -1.0000 -1.0000 1.8884 1.5078 4.5170 -56.6610 -8.6976 0.9672 -1.3646 0.5767
2 0.0000 0 0.0000 -1.0000 -1.0000 -1.0000 -1.0000 1.9716 1.7624 4.6568 49.1378 33.1690 0.8795 1.4066 0.5649
2 0.0000 0 0.0000 -1.0000 -1.0000 -1.0000 -1.0000 1.9366 1.9573 4.5163 -19.3881 7.9956 1.0641 -2.9069 0.5594
2 0.0000 0 0.0000 -1.0000 -1.0000 -1.0000 -1.0000 1.8827 1.4796 4.4384 -47.3620 10.1669 1.1633 -3.0991 0.5206
2 0.0000 0 0.0000 -1.0000 -1.0000 -1.0000 -1.0000 1.9506 1.5014 4.6081 -3.5146 -36.4585 0.6259 -1.6970 0.4977
2 0.0000 0 0.0000 -1.0000 -1.0000 -1.0000 -1.0000 1.8876 1.4680 4.4805 55.2250 7.8427 0.4649 0.0159 0.4318
2 0.0000 0 0.0000 -1.0000 -1.0000 -1.0000 -1.0000 1.8948 1.5012 4.5450 -55.5380 9.6935 1.4127 -3.1132 0.4282
2 0.0000 0 0.0000 -1.0000 -1.0000 -1.0000 -1.0000 2.0032 1.6383 4.8223 -66.9052 7.8393 1.5014 -3.1072 0.3336
2 0.0000 0 0.0000 -1.0000 -1.0000 -1.0000 -1.0000 1.9553 1.5581 4.5973 50.7245 24.7009 0.6848 -0.8992 0.3215
2 0.0000 0 0.0000 -1.0000 -1.0000 -1.0000 -1.0000 1.9068 1.4917 4.5637 51.7973 32.1300 0.7048 -1.8166 0.3130
2 0.0000 0 0.0000 -1.0000 -1.0000 -1.0000 -1.0000 1.9607 1.4676 4.5809 47.8628 38.3611 0.7216 -3.1089 0.3031
3 0.0000 0 0.0000 -1.0000 -1.0000 -1.0000 -1.0000 0.8422 1.6186 1.8353 -3.3822 14.4101 0.7886 1.4191 0.5903
3 0.0000 0 0.0000 -1.0000 -1.0000 -1.0000 -1.0000 0.9044 1.6587 1.8402 2.4178 12.3075 0.9012 -0.6809 0.4759
3 0.0000 0 0.0000 -1.0000 -1.0000 -1.0000 -1.0000 0.7451 1.3967 1.7445 -36.3224 12.5580 1.0528 -0.2103 0.4455
3 0.0000 0 0.0000 -1.0000 -1.0000 -1.0000 -1.0000 0.7558 1.5301 1.7585 -10.4020 25.8344 1.1200 -1.1686 0.4269
3 0.0000 0 0.0000 -1.0000 -1.0000 -1.0000 -1.0000 0.7104 1.3232 1.7306 -13.6517 25.7678 1.0422 1.8877 0.4246
3 0.0000 0 0.0000 -1.0000 -1.0000 -1.0000 -1.0000 0.8504 1.6192 1.8459 -5.6122 -9.8320 0.7608 1.7348 0.3328
1 0.0000 0 0.0000 -1.0000 -1.0000 -1.0000 -1.0000 0.6794 1.6458 0.6173 10.3205 -35.3028 0.6945 0.3861 0.4718
