2 0.0000 0 0.0000 -1.0000 -1.0000 -1.0000 -1.0000 1.9160 1.5004 4.5388 -60.6364 8.5774 0.0225 -3.0042 0.6827
2 0.0000 0 0.0000 -1.0000 -1.0000 -1.0000 -1.0000 1.9162 1.5086 4.5387 35.5705 9.6472 1.1996 3.0518 0.5322
2 0.0000 0 0.0000 -1.0000 -1.0000 -1.0000 -1.0000 1.9571 1.5185 4.5997 39.3442 36.9044 1.3636 -2.8922 0.5285
2 0.0000 0 0.0000 -1.0000 -1.0000 -1.0000 -1.0000 2.0239 1.8136 4.8627 -53.0641 4.5170 0.2023 0.1568 0.4811
2 0.0000 0 0.0000 -1.0000 -1.0000 -1.0000 -1.0000 1.9222 1.6129 4.5783 -77.8308 -6.8921 -0.3421 -0.9008 0.4561
2 0.0000 0 0.0000 -1.0000 -1.0000 -1.0000 -1.0000 1.9126 1.5003 4.5218 -21.2197 -37.0172 0.6583 -1.6131 0.4522
2 0.0000 0 0.0000 -1.0000 -1.0000 -1.0000 -1.0000 1.9395 1.5494 4.6103 27.2882 39.8236 1.0058 -0.0788 0.4142
2 0.0000 0 0.0000 -1.0000 -1.0000 -1.0000 -1.0000 1.8918 1.4697 4.5132 31.2947 33.5878 1.1095 1.3552 0.4127
2 0.0000 0 0.0000 -1.0000 -1.0000 -1.0000 -1.0000 1.9224 1.7942 4.5197 28.6972 35.1029 1.2721 1.5226 0.3846
2 0.0000 0 0.0000 -1.0000 -1.0000 -1.0000 -1.0000 1.9107 1.7105 4.5532 39.1221 33.6313 1.4684 -3.0707 0.3418
2 0.0000 0 0.0000 -1.0000 -1.0000 -1.0000 -1.0000 1.8737 1.4685 4.4699 -66.5982 8.2518 0.0081 -3.0671 0.3168
2 0.0000 0 0.0000 -1.0000 -1.0000 -1.0000 -1.0000 1.9928 1.6028 4.6421 59.0034 9.4769 1.5383 3.1057 0.3131
5 0.0000 0 0.0000 -1.0000 -1.0000 -1.0000 -1.0000 1.2402 1.7050 3.0405 -23.7181 18.9323 0.4164 -0.2713 0.5576
3 0.0000 0 0.0000 -1.0000 -1.0000 -1.0000 -1.0000 0.8049 1.5669 1.8597 -23.9992 1.4410 0.5044 -1.4512 0.4727
3 0.0000 0 0.0000 -1.0000 -1.0000 -1.0000 -1.0000 0.8039 1.5789 1.8348 -21.8522 31.0757 0.4565 -1.7116 0.4421
3 0.0000 0 0.0000 -1.0000 -1.0000 -1.0000 -1.0000 0.7046 1.3192 1.7219 -56.0315 11.1655 -0.0868 -0.3598 0.4346
3 0.0000 0 0.0000 -1.0000 -1.0000 -1.0000 -1.0000 0.7020 1.3119 1.7212 -29.3080 29.5815 0.3076 -1.2674 0.3949
3 0.0000 0 0.0000 -1.0000 -1.0000 -1.0000 -1.0000 0.9503 1.5995 1.9704 -22.5884 18.8063 0.4342 -0.3042 0.3030
1 0.0000 0 0.0000 -1.0000 -1.0000 -1.0000 -1.0000 0.7007 1.6672 0.6562 -10.0534 -36.5644 0.9500 3.1012 0.3557
