2 0.0000 0 0.0000 -1.0000 -1.0000 -1.0000 -1.0000 1.8305 1.4297 4.4373 -42.8368 10.6397 1.3309 0.0353 0.6447
2 0.0000 0 0.0000 -1.0000 -1.0000 -1.0000 -1.0000 1.8799 1.5268 4.5062 -50.9204 10.5097 1.5530 0.0580 0.6136
2 0.0000 0 0.0000 -1.0000 -1.0000 -1.0000 -1.0000 1.9099 1.4810 4.5524 53.0086 37.2313 0.2260 -0.0256 0.6022
2 0.0000 0 0.0000 -1.0000 -1.0000 -1.0000 -1.0000 1.9526 1.6956 4.6717 59.6683 7.1482 0.1585 -0.1850 0.5854
2 0.0000 0 0.0000 -1.0000 -1.0000 -1.0000 -1.0000 1.9467 1.9153 4.4678 -10.9475 9.3611 1.0432 -2.8651 0.5625
2 0.0000 0 0.0000 -1.0000 -1.0000 -1.0000 -1.0000 1.9380 1.4923 4.5752 0.2235 -36.6373 0.7327 -1.7338 0.5588
2 0.0000 0 0.0000 -1.0000 -1.0000 -1.0000 -1.0000 1.9323 1.5421 4.5623 56.4698 31.6088 0.1802 -1.7313 0.5168
2 0.0000 0 0.0000 -1.0000 -1.0000 -1.0000 -1.0000 1.9410 1.6304 4.6452 -61.3964 8.7766 1.8001 -0.0327 0.5070
2 0.0000 0 0.0000 -1.0000 -1.0000 -1.0000 -1.0000 1.8781 1.4266 4.4853 -36.3599 10.5449 1.2494 -3.0450 0.5050
2 0.0000 0 0.0000 -1.0000 -1.0000 -1.0000 -1.0000 1.9217 1.6050 4.5761 64.0810 31.3762 0.2250 1.3243 0.4503
2 0.0000 0 0.0000 -1.0000 -1.0000 -1.0000 -1.0000 1.9229 1.6006 4.5457 53.8310 32.7252 0.2776 -1.6469 0.4495
2 0.0000 0 0.0000 -1.0000 -1.0000 -1.0000 -1.0000 2.0308 1.7376 4.7924 55.7052 23.7817 0.2767 -0.9795 0.3987
2 0.0000 0 0.0000 -1.0000 -1.0000 -1.0000 -1.0000 1.9064 1.5455 4.5888 -51.8051 -10.6376 1.2143 -1.4774 0.3904
3 0.0000 0 0.0000 -1.0000 -1.0000 -1.0000 -1.0000 0.7658 1.5562 1.7713 -1.1638 -12.5087 0.7019 1.5152 0.5973
3 0.0000 0 0.0000 -1.0000 -1.0000 -1.0000 -1.0000 0.7281 1.3851 1.7054 -31.6699 12.9364 1.0410 -0.3483 0.5103
3 0.0000 0 0.0000 -1.0000 -1.0000 -1.0000 -1.0000 0.9171 1.6281 1.9284 8.8861 9.9190 0.7877 2.4304 0.4473
3 0.0000 0 0.0000 -1.0000 -1.0000 -1.0000 -1.0000 0.8750 1.5927 1.8859 1.2468 9.6869 0.7880 1.8416 0.4274
3 0.0000 0 0.0000 -1.0000 -1.0000 -1.0000 -1.0000 0.7022 1.3186 1.7138 -8.9786 25.8445 0.9365 1.7175 0.3823
3 0.0000 0 0.0000 -1.0000 -1.0000 -1.0000 -1.0000 0.7380 1.4682 1.7445 -4.3722 29.6816 0.9145 -1.0036 0.3555
3 0.0000 0 0.0000 -1.0000 -1.0000 -1.0000 -1.0000 0.7083 1.1866 1.7251 -29.7970 15.5521 1.0149 1.7448 0.3380
3 0.0000 0 0.0000 -1.0000 -1.0000 -1.0000 -1.0000 0.7125 1.4860 1.7507 -4.7753 26.0044 0.9016 -1.2805 0.3279
3 0.0000 0 0.0000 -1.0000 -1.0000 -1.0000 -1.0000 0.8024 1.5861 1.7657 -9.9324 20.7870 1.0271 0.1755 0.3219
3 0.0000 0 0.0000 -1.0000 -1.0000 -1.0000 -1.0000 0.6750 1.1480 1.6666 -27.5229 15.5666 0.9793 1.7032 0.3057
1 0.0000 0 0.0000 -1.0000 -1.0000 -1.0000 -1.0000 0.7020 1.6654 0.6588 16.4355 -37.5818 0.7422 -0.3942 0.5359
