2 0.0000 0 0.0000 -1.0000 -1.0000 -1.0000 -1.0000 1.8913 1.5251 4.4258 43.0949 9.2272 0.5466 3.0684 0.6963
2 0.0000 0 0.0000 -1.0000 -1.0000 -1.0000 -1.0000 2.0088 1.5283 4.6324 73.1990 8.6543 0.4629 -0.0694 0.6740
2 0.0000 0 0.0000 -1.0000 -1.0000 -1.0000 -1.0000 1.9374 1.5287 4.5765 -14.1348 -36.9234 0.7908 -1.5852 0.6300
2 0.0000 0 0.0000 -1.0000 -1.0000 -1.0000 -1.0000 1.9424 1.4863 4.5641 -69.9769 -7.1021 0.9659 -1.0315 0.6245
2 0.0000 0 0.0000 -1.0000 -1.0000 -1.0000 -1.0000 1.9541 1.4685 4.6033 35.0003 39.7014 0.6839 -0.0840 0.5493
2 0.0000 0 0.0000 -1.0000 -1.0000 -1.0000 -1.0000 1.9079 1.6258 4.5323 46.9830 33.3787 0.7898 -3.1240 0.4790
2 0.0000 0 0.0000 -1.0000 -1.0000 -1.0000 -1.0000 1.9560 1.7074 4.6112 36.6943 34.7522 0.7901 -1.6656 0.4624
2 0.0000 0 0.0000 -1.0000 -1.0000 -1.0000 -1.0000 2.0068 1.9415 4.7575 -40.4543 5.5620 1.0767 0.1128 0.3864
2 0.0000 0 0.0000 -1.0000 -1.0000 -1.0000 -1.0000 1.9406 1.4997 4.5518 46.9043 36.8794 0.8015 -2.7884 0.3593
2 0.0000 0 0.0000 -1.0000 -1.0000 -1.0000 -1.0000 1.9448 1.5559 4.6274 48.8228 28.8481 0.7025 0.1246 0.3502
2 0.0000 0 0.0000 -1.0000 -1.0000 -1.0000 -1.0000 1.8078 1.5102 4.3259 -52.9050 8.9975 0.9779 -2.9934 0.3437
2 0.0000 0 0.0000 -1.0000 -1.0000 -1.0000 -1.0000 1.9249 1.6228 4.5921 38.5318 25.8157 0.6670 -0.5930 0.3378
2 0.0000 0 0.0000 -1.0000 -1.0000 -1.0000 -1.0000 2.0301 1.6274 4.8492 -79.3119 5.7035 1.2804 -2.9414 0.3121
3 0.0000 0 0.0000 -1.0000 -1.0000 -1.0000 -1.0000 0.9219 1.6518 1.8560 -14.3021 16.8046 0.8761 -0.6090 0.5173
3 0.0000 0 0.0000 -1.0000 -1.0000 -1.0000 -1.0000 0.8250 1.5643 1.8618 -17.3912 -2.1529 0.8355 1.4551 0.4912
3 0.0000 0 0.0000 -1.0000 -1.0000 -1.0000 -1.0000 0.7124 1.3932 1.6830 -48.4024 11.6276 0.8909 -0.3158 0.4631
3 0.0000 0 0.0000 -1.0000 -1.0000 -1.0000 -1.0000 0.7984 1.5640 1.8068 -14.7718 25.0595 0.8085 1.3519 0.4224
3 0.0000 0 0.0000 -1.0000 -1.0000 -1.0000 -1.0000 0.8061 1.5564 1.8355 -22.2244 25.7045 0.9344 -1.3882 0.4064
3 0.0000 0 0.0000 -1.0000 -1.0000 -1.0000 -1.0000 0.6909 1.3608 1.6843 -21.4988 29.7357 0.8460 -1.1231 0.3994
3 0.0000 0 0.0000 -1.0000 -1.0000 -1.0000 -1.0000 0.7932 1.5003 1.8187 -23.5359 25.3342 0.9664 -1.3849 0.3454
3 0.0000 0 0.0000 -1.0000 -1.0000 -1.0000 -1.0000 0.6987 1.2640 1.7365 -25.8947 25.7403 0.9472 -1.4150 0.3321
1 0.0000 0 0.0000 -1.0000 -1.0000 -1.0000 -1.0000 0.7178 1.7320 0.6648 -64.1746 18.2459 1.5304 3.0943 0.3642
1 0.0000 0 0.0000 -1.0000 -1.0000 -1.0000 -1.0000 0.7119 1.6574 0.6840 1.2481 -34.8970 0.8986 -2.0034 0.3295
