2 0.0000 0 0.0000 -1.0000 -1.0000 -1.0000 -1.0000 1.8650 1.4791 4.4147 -31.9824 11.8379 1.0385 -3.1223 0.6358
2 0.0000 0 0.0000 -1.0000 -1.0000 -1.0000 -1.0000 1.9346 1.4779 4.5830 -45.1384 8.0170 1.5705 1.8283 0.6139
2 0.0000 0 0.0000 -1.0000 -1.0000 -1.0000 -1.0000 1.8774 1.4299 4.4697 -25.4049 11.5442 0.9557 0.0416 0.6105
2 0.0000 0 0.0000 -1.0000 -1.0000 -1.0000 -1.0000 1.9145 1.4997 4.5357 -40.0582 11.9465 1.3384 -3.1237 0.5267
2 0.0000 0 0.0000 -1.0000 -1.0000 -1.0000 -1.0000 1.9452 1.6064 4.5660 64.6061 35.2180 -0.6644 0.0189 0.4699
2 0.0000 0 0.0000 -1.0000 -1.0000 -1.0000 -1.0000 1.9147 1.4910 4.5761 9.7899 -37.2339 1.5219 -1.7148 0.4623
2 0.0000 0 0.0000 -1.0000 -1.0000 -1.0000 -1.0000 1.9244 1.7279 4.5034 65.6701 30.1640 -0.3473 1.3343 0.4494
2 0.0000 0 0.0000 -1.0000 -1.0000 -1.0000 -1.0000 2.0480 1.9199 4.7504 11.6280 15.3755 0.5197 -2.2660 0.4204
2 0.0000 0 0.0000 -1.0000 -1.0000 -1.0000 -1.0000 1.9726 1.6279 4.7006 67.3079 21.4606 -0.3759 -0.8975 0.3952
2 0.0000 0 0.0000 -1.0000 -1.0000 -1.0000 -1.0000 1.9741 1.7676 4.7477 -78.6511 7.1057 2.2834 -3.1019 0.3388
2 0.0000 0 0.0000 -1.0000 -1.0000 -1.0000 -1.0000 1.8553 1.5453 4.3976 75.1052 35.7568 -0.3471 -0.9406 0.3100
3 0.0000 0 0.0000 -1.0000 -1.0000 -1.0000 -1.0000 0.7256 1.3692 1.7083 -20.6336 13.7508 0.7675 -0.2545 0.5015
3 0.0000 0 0.0000 -1.0000 -1.0000 -1.0000 -1.0000 0.8307 1.5556 1.8654 28.0519 -0.6598 0.6189 2.2016 0.4954
3 0.0000 0 0.0000 -1.0000 -1.0000 -1.0000 -1.0000 0.7930 1.5375 1.8357 8.4182 -24.3391 1.0294 1.4666 0.4928
3 0.0000 0 0.0000 -1.0000 -1.0000 -1.0000 -1.0000 0.6924 1.1275 1.6904 -18.2658 16.2073 0.6610 1.6869 0.3902
3 0.0000 0 0.0000 -1.0000 -1.0000 -1.0000 -1.0000 0.7890 1.5812 1.7654 29.9597 -0.4182 0.6012 2.1874 0.3776
3 0.0000 0 0.0000 -1.0000 -1.0000 -1.0000 -1.0000 0.9257 1.6396 2.0244 10.2743 -6.0941 0.8772 1.5397 0.3748
3 0.0000 0 0.0000 -1.0000 -1.0000 -1.0000 -1.0000 0.6986 1.3518 1.7324 -3.3023 18.1645 0.5915 -1.4991 0.3699
3 0.0000 0 0.0000 -1.0000 -1.0000 -1.0000 -1.0000 0.6988 1.2266 1.7291 -14.4053 16.3078 0.7082 1.6779 0.3357
3 0.0000 0 0.0000 -1.0000 -1.0000 -1.0000 -1.0000 0.6948 1.1141 1.7303 -16.1541 16.1702 0.6419 1.5901 0.3204
1 0.0000 0 0.0000 -1.0000 -1.0000 -1.0000 -1.0000 0.7053 1.6919 0.6926 -29.9843 22.3790 1.3231 3.0481 0.6078
1 0.0000 0 0.0000 -1.0000 -1.0000 -1.0000 -1.0000 0.6976 1.6668 0.6248 -14.1441 19.6122 0.8585 0.1666 0.4453
1 0.0000 0 0.0000 -1.0000 -1.0000 -1.0000 -1.0000 0.7051 1.6731 0.6468 20.1591 -36.6744 1.5577 2.4910 0.3545
1 0.0000 0 0.0000 -1.0000 -1.0000 -1.0000 -1.0000 0.7448 1.7093 0.7624 28.9701 -38.8032 1.3571 -0.3397 0.3266
