2 0.0000 0 0.0000 -1.0000 -1.0000 -1.0000 -1.0000 1.9141 1.4319 4.5092 -29.4711 10.7520 1.1341 -3.0519 0.7635
2 0.0000 0 0.0000 -1.0000 -1.0000 -1.0000 -1.0000 1.8578 1.4450 4.4694 -44.0796 10.8314 1.5350 -3.1059 0.5890
2 0.0000 0 0.0000 -1.0000 -1.0000 -1.0000 -1.0000 1.9209 1.4997 4.5664 6.7256 -36.7570 1.2126 -1.6321 0.5543
2 0.0000 0 0.0000 -1.0000 -1.0000 -1.0000 -1.0000 1.9872 1.9809 4.5096 2.1351 12.0066 0.7522 -2.6184 0.5514
2 0.0000 0 0.0000 -1.0000 -1.0000 -1.0000 -1.0000 1.9504 1.5703 4.5517 59.8465 36.8656 -0.6816 3.1158 0.5425
2 0.0000 0 0.0000 -1.0000 -1.0000 -1.0000 -1.0000 1.8421 1.4518 4.4137 -35.9817 10.9303 1.2810 0.0235 0.5308
2 0.0000 0 0.0000 -1.0000 -1.0000 -1.0000 -1.0000 1.9341 1.5314 4.6119 -51.6521 8.9815 1.8315 -0.5672 0.5119
2 0.0000 0 0.0000 -1.0000 -1.0000 -1.0000 -1.0000 1.9181 1.7252 4.5378 60.4183 31.7086 -0.4109 1.4232 0.4229
2 0.0000 0 0.0000 -1.0000 -1.0000 -1.0000 -1.0000 1.9780 1.6370 4.7399 63.3302 31.1349 -0.3901 1.3292 0.4018
2 0.0000 0 0.0000 -1.0000 -1.0000 -1.0000 -1.0000 1.9569 1.6079 4.5414 66.4685 6.6359 -0.5609 0.0024 0.3480
2 0.0000 0 0.0000 -1.0000 -1.0000 -1.0000 -1.0000 1.9899 1.6793 4.7385 62.5401 23.2006 -0.4252 -0.8684 0.3394
3 0.0000 0 0.0000 -1.0000 -1.0000 -1.0000 -1.0000 0.8626 1.5689 1.8793 19.8720 5.4187 0.5030 2.2910 0.5632
3 0.0000 0 0.0000 -1.0000 -1.0000 -1.0000 -1.0000 0.8400 1.5752 1.8744 5.5158 -17.5348 0.8873 1.5408 0.5539
3 0.0000 0 0.0000 -1.0000 -1.0000 -1.0000 -1.0000 0.8158 1.5711 1.8491 7.4251 1.5423 0.7434 1.4527 0.5090
3 0.0000 0 0.0000 -1.0000 -1.0000 -1.0000 -1.0000 0.7837 1.5468 1.7874 0.9697 25.6843 0.5632 -1.3533 0.4672
3 0.0000 0 0.0000 -1.0000 -1.0000 -1.0000 -1.0000 0.7045 1.4315 1.7392 -7.3623 18.1013 0.6539 -1.5496 0.3666
3 0.0000 0 0.0000 -1.0000 -1.0000 -1.0000 -1.0000 0.7334 1.3413 1.7141 -25.1582 13.1322 0.9390 -0.3330 0.3626
3 0.0000 0 0.0000 -1.0000 -1.0000 -1.0000 -1.0000 0.7342 1.2827 1.7534 -22.4472 15.6218 0.9634 1.5829 0.3271
3 0.0000 0 0.0000 -1.0000 -1.0000 -1.0000 -1.0000 0.7087 1.2765 1.7168 -23.2021 15.6251 0.9544 1.7152 0.3098
3 0.0000 0 0.0000 -1.0000 -1.0000 -1.0000 -1.0000 0.7371 1.5735 1.7204 22.3709 5.4540 0.4571 -0.8663 0.3054
1 0.0000 0 0.0000 -1.0000 -1.0000 -1.0000 -1.0000 0.7417 1.7025 0.7273 -19.6980 19.3820 1.1686 0.1623 0.4226
1 0.0000 0 0.0000 -1.0000 -1.0000 -1.0000 -1.0000 0.7182 1.6741 0.6975 -35.9349 21.4235 1.5409 3.0932 0.3804
1 0.0000 0 0.0000 -1.0000 -1.0000 -1.0000 -1.0000 0.7295 1.6878 0.7219 24.4295 -37.9050 1.1119 2.8278 0.3431
1 0.0000 0 0.0000 -1.0000 -1.0000 -1.0000 -1.0000 0.7511 1.6727 0.7132 -3.0318 20.6696 0.7326 0.9029 0.3269
