2 0.0000 0 0.0000 -1.0000 -1.0000 -1.0000 -1.0000 1.9492 1.5062 4.5930 -12.5577 -36.9006 0.8167 -1.5118 0.6427
2 0.0000 0 0.0000 -1.0000 -1.0000 -1.0000 -1.0000 1.9237 1.5006 4.5413 -68.1076 -7.0724 1.1024 -1.0891 0.6248
2 0.0000 0 0.0000 -1.0000 -1.0000 -1.0000 -1.0000 1.9800 1.5049 4.5985 76.1609 8.4076 0.4131 3.0487 0.5760
2 0.0000 0 0.0000 -1.0000 -1.0000 -1.0000 -1.0000 1.9721 1.4936 4.6005 36.6205 39.5353 0.6309 -0.0315 0.5732
2 0.0000 0 0.0000 -1.0000 -1.0000 -1.0000 -1.0000 1.9969 1.5870 4.6170 -77.2837 6.0732 1.3832 -3.0508 0.5462
2 0.0000 0 0.0000 -1.0000 -1.0000 -1.0000 -1.0000 1.8042 1.5407 4.4003 44.6207 9.1914 0.4957 2.9898 0.5327
2 0.0000 0 0.0000 -1.0000 -1.0000 -1.0000 -1.0000 1.9549 1.6662 4.6082 48.6849 33.2254 0.7461 -3.0596 0.4881
2 0.0000 0 0.0000 -1.0000 -1.0000 -1.0000 -1.0000 1.9564 1.6341 4.6305 39.0288 34.3382 0.6661 1.4322 0.4305
2 0.0000 0 0.0000 -1.0000 -1.0000 -1.0000 -1.0000 1.8227 1.5647 4.4662 -65.8881 8.1690 1.1474 -3.0169 0.3889
2 0.0000 0 0.0000 -1.0000 -1.0000 -1.0000 -1.0000 1.9722 1.5056 4.5740 48.6859 36.7453 0.7192 -2.6870 0.3831
2 0.0000 0 0.0000 -1.0000 -1.0000 -1.0000 -1.0000 2.0364 1.9854 4.8769 -37.7126 5.9186 1.0840 0.1200 0.3343
2 0.0000 0 0.0000 -1.0000 -1.0000 -1.0000 -1.0000 1.8873 1.4608 4.4742 50.9826 28.0311 0.5344 3.1106 0.3338
2 0.0000 0 0.0000 -1.0000 -1.0000 -1.0000 -1.0000 1.8746 1.5518 4.5974 43.1852 26.3238 0.5568 -1.3141 0.3285
3 0.0000 0 0.0000 -1.0000 -1.0000 -1.0000 -1.0000 0.8094 1.5857 1.8228 -15.8857 -3.1396 0.8526 1.5133 0.5673
3 0.0000 0 0.0000 -1.0000 -1.0000 -1.0000 -1.0000 0.8375 1.6013 1.7804 -10.7239 16.8541 0.8220 -0.6248 0.5586
3 0.0000 0 0.0000 -1.0000 -1.0000 -1.0000 -1.0000 0.7268 1.3696 1.6992 -46.9524 11.7587 0.8726 -0.3258 0.4765
3 0.0000 0 0.0000 -1.0000 -1.0000 -1.0000 -1.0000 0.8087 1.6083 1.7875 -13.5650 23.7840 0.8293 -2.0232 0.4382
3 0.0000 0 0.0000 -1.0000 -1.0000 -1.0000 -1.0000 0.7813 1.4582 1.7586 -49.9356 10.1562 0.9211 -2.9993 0.3981
3 0.0000 0 0.0000 -1.0000 -1.0000 -1.0000 -1.0000 0.7152 1.3042 1.7459 -24.1721 25.8236 0.8905 1.6351 0.3965
3 0.0000 0 0.0000 -1.0000 -1.0000 -1.0000 -1.0000 0.8809 1.6029 1.8546 -25.2844 20.3071 0.9845 0.2375 0.3806
1 0.0000 0 0.0000 -1.0000 -1.0000 -1.0000 -1.0000 0.7179 1.6624 0.6781 2.6123 -34.9546 0.9300 1.1250 0.3585
1 0.0000 0 0.0000 -1.0000 -1.0000 -1.0000 -1.0000 0.7258 1.7476 0.6731 -62.2607 18.4414 1.5406 3.1407 0.3113
