2 0.0000 0 0.0000 -1.0000 -1.0000 -1.0000 -1.0000 1.9694 1.4679 4.5467 35.2418 10.7719 0.7723 3.1190 0.7889
2 0.0000 0 0.0000 -1.0000 -1.0000 -1.0000 -1.0000 1.9737 1.4358 4.5307 21.2245 10.3577 0.7102 0.0088 0.7048
2 0.0000 0 0.0000 -1.0000 -1.0000 -1.0000 -1.0000 1.9844 1.5647 4.5935 -74.8540 7.4913 0.5791 -3.0301 0.6848
2 0.0000 0 0.0000 -1.0000 -1.0000 -1.0000 -1.0000 1.9275 1.5356 4.5941 -35.1612 -37.4976 1.0691 -1.5795 0.6519
2 0.0000 0 0.0000 -1.0000 -1.0000 -1.0000 -1.0000 1.9597 1.6693 4.6069 14.2038 35.4075 0.6922 -1.6178 0.6478
2 0.0000 0 0.0000 -1.0000 -1.0000 -1.0000 -1.0000 1.9313 1.5048 4.5678 11.8370 40.6230 0.5111 -3.0838 0.4956
2 0.0000 0 0.0000 -1.0000 -1.0000 -1.0000 -1.0000 1.9403 1.6652 4.6190 19.5829 28.2071 0.7644 1.1892 0.4601
3 0.0000 0 0.0000 -1.0000 -1.0000 -1.0000 -1.0000 0.8097 1.5114 1.8262 -44.6286 20.6585 0.5543 0.0546 0.6093
3 0.0000 0 0.0000 -1.0000 -1.0000 -1.0000 -1.0000 0.8018 1.5458 1.7988 -41.3222 20.0131 0.5464 -0.1432 0.5805
3 0.0000 0 0.0000 -1.0000 -1.0000 -1.0000 -1.0000 0.7903 1.5448 1.8181 -38.9926 8.8688 0.5724 -1.4492 0.5655
3 0.0000 0 0.0000 -1.0000 -1.0000 -1.0000 -1.0000 0.8126 1.5930 1.7804 -48.8368 19.4100 0.7018 0.1356 0.3436
3 0.0000 0 0.0000 -1.0000 -1.0000 -1.0000 -1.0000 0.7652 1.5038 1.7845 -44.4906 25.3236 0.6069 -1.4947 0.3250
3 0.0000 0 0.0000 -1.0000 -1.0000 -1.0000 -1.0000 0.8052 1.5582 1.8215 -45.4691 24.3659 0.6200 -1.5069 0.3229
1 0.0000 0 0.0000 -1.0000 -1.0000 -1.0000 -1.0000 0.7171 1.6716 0.6872 -26.0548 -36.5698 1.2381 0.2325 0.4260
1 0.0000 0 0.0000 -1.0000 -1.0000 -1.0000 -1.0000 0.7267 1.6666 0.6562 -48.6901 19.5073 0.7048 -3.0045 0.3059
