2 0.0000 0 0.0000 -1.0000 -1.0000 -1.0000 -1.0000 1.9328 1.4720 4.4842 -43.0450 9.9702 0.8621 -3.0504 0.7658
2 0.0000 0 0.0000 -1.0000 -1.0000 -1.0000 -1.0000 1.9447 1.8066 4.5595 46.8004 33.7809 0.9468 1.4528 0.6086
2 0.0000 0 0.0000 -1.0000 -1.0000 -1.0000 -1.0000 1.9611 1.4799 4.5990 45.5779 38.7961 0.7980 0.0266 0.5657
2 0.0000 0 0.0000 -1.0000 -1.0000 -1.0000 -1.0000 1.9648 1.5092 4.6389 -5.0620 -36.6221 0.7274 -1.5547 0.5557
2 0.0000 0 0.0000 -1.0000 -1.0000 -1.0000 -1.0000 1.8961 1.4963 4.4737 -57.5234 9.4088 1.0571 -2.9947 0.5443
2 0.0000 0 0.0000 -1.0000 -1.0000 -1.0000 -1.0000 1.9504 1.4694 4.5427 53.2319 8.1173 0.6415 3.0955 0.5291
2 0.0000 0 0.0000 -1.0000 -1.0000 -1.0000 -1.0000 1.9013 1.4455 4.4798 -49.3749 9.8970 0.8816 -3.0855 0.5128
2 0.0000 0 0.0000 -1.0000 -1.0000 -1.0000 -1.0000 2.0133 1.6015 4.7722 -69.2483 7.4616 1.1726 -3.0467 0.5020
2 0.0000 0 0.0000 -1.0000 -1.0000 -1.0000 -1.0000 2.0097 1.5885 4.7141 57.3409 31.8094 0.9122 2.9820 0.4698
2 0.0000 0 0.0000 -1.0000 -1.0000 -1.0000 -1.0000 1.9576 1.8951 4.5246 -23.1815 7.5429 0.9220 0.2164 0.3801
2 0.0000 0 0.0000 -1.0000 -1.0000 -1.0000 -1.0000 1.9228 1.4816 4.5670 49.8324 32.0464 0.7609 -1.9788 0.3420
2 0.0000 0 0.0000 -1.0000 -1.0000 -1.0000 -1.0000 2.0114 1.6034 4.7320 48.6474 25.0273 0.7814 2.5006 0.3390
2 0.0000 0 0.0000 -1.0000 -1.0000 -1.0000 -1.0000 1.9377 1.5220 4.5546 57.4419 35.0776 0.9229 -2.7941 0.3228
3 0.0000 0 0.0000 -1.0000 -1.0000 -1.0000 -1.0000 0.7809 1.5845 1.7654 -5.4964 16.3609 0.7731 1.4726 0.6150
3 0.0000 0 0.0000 -1.0000 -1.0000 -1.0000 -1.0000 0.8220 1.5472 1.8343 -7.7535 -8.4138 0.6888 -1.2700 0.5428
3 0.0000 0 0.0000 -1.0000 -1.0000 -1.0000 -1.0000 0.8787 1.6094 1.8342 0.5736 14.1400 0.8722 -0.6182 0.4528
3 0.0000 0 0.0000 -1.0000 -1.0000 -1.0000 -1.0000 0.8574 1.5977 1.8798 -12.6416 25.7447 0.9764 -1.6093 0.3462
3 0.0000 0 0.0000 -1.0000 -1.0000 -1.0000 -1.0000 0.6935 1.2794 1.6827 -12.2778 29.7171 0.8826 -0.9331 0.3057
3 0.0000 0 0.0000 -1.0000 -1.0000 -1.0000 -1.0000 0.6507 1.2099 1.6807 -15.7107 25.6450 0.8591 1.7782 0.3003
1 0.0000 0 0.0000 -1.0000 -1.0000 -1.0000 -1.0000 0.7114 1.7409 0.6513 -35.7126 18.3470 1.0959 2.9596 0.4126
1 0.0000 0 0.0000 -1.0000 -1.0000 -1.0000 -1.0000 0.7092 1.6533 0.6444 -16.3828 20.5434 0.9945 -2.0740 0.3649
