2 0.0000 0 0.0000 -1.0000 -1.0000 -1.0000 -1.0000 2.0213 1.4434 4.6387 16.7859 10.9325 0.5907 -0.0141 0.7511
2 0.0000 0 0.0000 -1.0000 -1.0000 -1.0000 -1.0000 1.9435 1.4211 4.4883 7.9233 10.4463 0.6058 3.1391 0.6869
2 0.0000 0 0.0000 -1.0000 -1.0000 -1.0000 -1.0000 2.0228 1.8348 4.7563 72.8967 18.2981 0.4003 -3.0815 0.5138
2 0.0000 0 0.0000 -1.0000 -1.0000 -1.0000 -1.0000 1.9010 1.5245 4.5842 -48.6008 -37.5751 1.4169 -1.5249 0.4615
2 0.0000 0 0.0000 -1.0000 -1.0000 -1.0000 -1.0000 1.9208 1.5616 4.5055 2.3032 26.9401 0.4543 -0.9507 0.4381
2 0.0000 0 0.0000 -1.0000 -1.0000 -1.0000 -1.0000 1.9038 1.7721 4.4751 0.4095 35.8004 0.4836 1.4656 0.3988
2 0.0000 0 0.0000 -1.0000 -1.0000 -1.0000 -1.0000 1.9041 1.5416 4.5235 2.6654 34.9482 0.3703 1.3926 0.3714
2 0.0000 0 0.0000 -1.0000 -1.0000 -1.0000 -1.0000 1.9054 1.6287 4.5512 5.3786 28.2835 0.5119 -1.0669 0.3256
3 0.0000 0 0.0000 -1.0000 -1.0000 -1.0000 -1.0000 0.6856 1.2963 1.7005 -57.8108 28.1987 0.5931 -1.6586 0.3785
3 0.0000 0 0.0000 -1.0000 -1.0000 -1.0000 -1.0000 0.8099 1.5311 1.8071 -53.2431 15.4538 0.6264 -1.4879 0.3046
3 0.0000 0 0.0000 -1.0000 -1.0000 -1.0000 -1.0000 0.8438 1.5469 1.8641 -58.4863 24.4193 0.7487 1.0029 0.3013
