2 0.0000 0 0.0000 -1.0000 -1.0000 -1.0000 -1.0000 1.8843 1.5303 4.4731 46.3367 9.0543 0.5349 2.9891 0.6417
2 0.0000 0 0.0000 -1.0000 -1.0000 -1.0000 -1.0000 1.9753 1.6031 4.5833 -75.7938 6.0854 1.4570 -2.9995 0.6002
2 0.0000 0 0.0000 -1.0000 -1.0000 -1.0000 -1.0000 1.9531 1.5616 4.6160 -10.9087 -36.8341 0.8998 -1.4432 0.5923
2 0.0000 0 0.0000 -1.0000 -1.0000 -1.0000 -1.0000 1.9208 1.4750 4.5670 -66.3996 -7.1794 1.0685 -1.1658 0.5702
2 0.0000 0 0.0000 -1.0000 -1.0000 -1.0000 -1.0000 1.8856 1.5185 4.5419 -64.4416 8.3324 1.1558 0.0590 0.5595
2 0.0000 0 0.0000 -1.0000 -1.0000 -1.0000 -1.0000 1.9855 1.4981 4.6167 38.4289 39.3742 0.6034 -0.0572 0.5561
2 0.0000 0 0.0000 -1.0000 -1.0000 -1.0000 -1.0000 1.9014 1.6706 4.5493 50.2994 33.5345 0.7617 0.2465 0.4698
2 0.0000 0 0.0000 -1.0000 -1.0000 -1.0000 -1.0000 1.9157 1.4828 4.5450 42.3404 33.2726 0.6106 -1.8301 0.4614
2 0.0000 0 0.0000 -1.0000 -1.0000 -1.0000 -1.0000 1.9545 1.7452 4.6386 39.6258 34.3143 0.7007 1.4187 0.4584
2 0.0000 0 0.0000 -1.0000 -1.0000 -1.0000 -1.0000 1.9491 1.9209 4.7279 -35.1802 6.1126 1.0045 0.1372 0.4204
2 0.0000 0 0.0000 -1.0000 -1.0000 -1.0000 -1.0000 1.9638 1.5942 4.6274 41.4924 25.7337 0.6682 2.5359 0.3937
2 0.0000 0 0.0000 -1.0000 -1.0000 -1.0000 -1.0000 1.8231 1.4756 4.4406 -56.1023 8.5890 1.0615 -3.1248 0.3854
2 0.0000 0 0.0000 -1.0000 -1.0000 -1.0000 -1.0000 1.9800 1.8428 4.7903 -73.7508 24.0757 1.7738 1.7085 0.3548
2 0.0000 0 0.0000 -1.0000 -1.0000 -1.0000 -1.0000 1.9649 1.5484 4.6696 79.7387 8.2164 0.3202 0.0057 0.3517
2 0.0000 0 0.0000 -1.0000 -1.0000 -1.0000 -1.0000 1.8833 1.5540 4.5493 44.9773 26.3738 0.6383 1.4313 0.3319
2 0.0000 0 0.0000 -1.0000 -1.0000 -1.0000 -1.0000 1.9401 1.5101 4.5568 50.1355 36.8557 0.7253 -2.6458 0.3023
3 0.0000 0 0.0000 -1.0000 -1.0000 -1.0000 -1.0000 0.8161 1.6032 1.8091 -11.9474 22.5164 0.8201 -1.7557 0.5664
3 0.0000 0 0.0000 -1.0000 -1.0000 -1.0000 -1.0000 0.7898 1.5391 1.8518 -14.3870 -4.2850 0.8227 1.6264 0.5430
3 0.0000 0 0.0000 -1.0000 -1.0000 -1.0000 -1.0000 0.6965 1.2332 1.6889 -45.2691 11.8591 0.7877 -0.5224 0.4855
3 0.0000 0 0.0000 -1.0000 -1.0000 -1.0000 -1.0000 0.8364 1.6024 1.7889 -8.5772 16.4569 0.8271 -0.6452 0.4838
3 0.0000 0 0.0000 -1.0000 -1.0000 -1.0000 -1.0000 0.6808 1.3561 1.7349 -17.9628 29.4916 0.7832 -1.5149 0.3947
3 0.0000 0 0.0000 -1.0000 -1.0000 -1.0000 -1.0000 0.7436 1.3683 1.8309 -22.2891 25.3466 0.8449 -1.4703 0.3764
3 0.0000 0 0.0000 -1.0000 -1.0000 -1.0000 -1.0000 0.7933 1.6056 1.7481 -23.6324 20.4747 0.9510 0.5102 0.3351
3 0.0000 0 0.0000 -1.0000 -1.0000 -1.0000 -1.0000 0.8057 1.5740 1.8768 -20.0426 25.4845 0.9141 -1.5412 0.3245
1 0.0000 0 0.0000 -1.0000 -1.0000 -1.0000 -1.0000 0.7081 1.6947 0.6799 -60.4451 18.5763 1.4645 3.0658 0.5483
