2 0.0000 0 0.0000 -1.0000 -1.0000 -1.0000 -1.0000 1.9229 1.4479 4.4952 -37.3634 10.5100 1.1343 -3.0185 0.7608
2 0.0000 0 0.0000 -1.0000 -1.0000 -1.0000 -1.0000 1.9377 1.4809 4.5971 -52.3256 10.3008 1.5121 -3.0838 0.6832
2 0.0000 0 0.0000 -1.0000 -1.0000 -1.0000 -1.0000 1.9746 1.5763 4.6698 -0.9015 -36.8508 0.6854 -1.8058 0.6455
2 0.0000 0 0.0000 -1.0000 -1.0000 -1.0000 -1.0000 1.9392 1.6099 4.5724 -62.7143 8.5894 1.6545 -0.0826 0.5265
2 0.0000 0 0.0000 -1.0000 -1.0000 -1.0000 -1.0000 1.9809 1.4998 4.6278 51.6633 37.7074 0.5220 -0.0117 0.4872
2 0.0000 0 0.0000 -1.0000 -1.0000 -1.0000 -1.0000 1.9353 1.4760 4.6165 58.7195 7.2841 0.1968 3.0736 0.4846
2 0.0000 0 0.0000 -1.0000 -1.0000 -1.0000 -1.0000 1.8242 1.4124 4.3917 -44.0244 10.5032 1.2884 -3.1374 0.4836
2 0.0000 0 0.0000 -1.0000 -1.0000 -1.0000 -1.0000 1.9687 1.9054 4.6578 52.8097 32.7193 0.6930 1.3783 0.4714
2 0.0000 0 0.0000 -1.0000 -1.0000 -1.0000 -1.0000 1.9268 1.9497 4.4125 -13.2951 8.8814 1.0846 -2.9015 0.4707
2 0.0000 0 0.0000 -1.0000 -1.0000 -1.0000 -1.0000 1.8697 1.6160 4.4100 54.0703 24.0734 0.4233 -0.9128 0.4441
2 0.0000 0 0.0000 -1.0000 -1.0000 -1.0000 -1.0000 1.8946 1.5443 4.6443 -73.4603 9.0019 1.8477 -0.0035 0.4159
2 0.0000 0 0.0000 -1.0000 -1.0000 -1.0000 -1.0000 1.8906 1.7449 4.4867 62.4610 31.5989 0.5263 1.2823 0.3439
2 0.0000 0 0.0000 -1.0000 -1.0000 -1.0000 -1.0000 1.8369 1.5321 4.4027 -52.8560 -10.3519 1.1264 -1.4841 0.3403
2 0.0000 0 0.0000 -1.0000 -1.0000 -1.0000 -1.0000 1.9161 1.5092 4.5546 55.5250 31.3779 0.4262 -1.8662 0.3176
3 0.0000 0 0.0000 -1.0000 -1.0000 -1.0000 -1.0000 0.8326 1.6419 1.8214 0.1061 10.8737 0.7550 -1.3239 0.4877
3 0.0000 0 0.0000 -1.0000 -1.0000 -1.0000 -1.0000 0.8507 1.5067 1.8230 -2.3960 -11.7287 0.6736 1.8904 0.4511
3 0.0000 0 0.0000 -1.0000 -1.0000 -1.0000 -1.0000 0.9100 1.6330 1.9057 7.2098 10.7896 0.8334 2.3426 0.4239
3 0.0000 0 0.0000 -1.0000 -1.0000 -1.0000 -1.0000 0.8199 1.5531 1.8505 -6.9533 25.8528 1.0297 -1.8447 0.3748
3 0.0000 0 0.0000 -1.0000 -1.0000 -1.0000 -1.0000 0.6755 1.2222 1.6927 -10.0524 25.7245 0.9536 2.9618 0.3305
3 0.0000 0 0.0000 -1.0000 -1.0000 -1.0000 -1.0000 0.6943 1.1923 1.6989 -29.4528 15.4467 0.9948 1.6690 0.3108
1 0.0000 0 0.0000 -1.0000 -1.0000 -1.0000 -1.0000 0.7150 1.6867 0.6958 14.9506 -37.4549 0.6779 2.9326 0.4577
1 0.0000 0 0.0000 -1.0000 -1.0000 -1.0000 -1.0000 0.6873 1.6604 0.6280 12.7151 -35.7563 0.7229 2.9468 0.4525
