2 0.0000 0 0.0000 -1.0000 -1.0000 -1.0000 -1.0000 2.0305 1.4499 4.6232 9.7541 11.0379 0.6819 -0.0209 0.6127
2 0.0000 0 0.0000 -1.0000 -1.0000 -1.0000 -1.0000 1.9318 1.4250 4.5378 1.7653 10.4965 0.5513 3.1346 0.5984
2 0.0000 0 0.0000 -1.0000 -1.0000 -1.0000 -1.0000 1.8875 1.5630 4.5626 -54.2714 -37.3762 1.3220 -1.4494 0.4441
2 0.0000 0 0.0000 -1.0000 -1.0000 -1.0000 -1.0000 1.8076 1.4826 4.4446 6.9278 29.5116 0.3437 3.0814 0.4263
2 0.0000 0 0.0000 -1.0000 -1.0000 -1.0000 -1.0000 1.9129 1.6883 4.4951 -0.6073 28.0192 0.3932 -0.9496 0.3576
2 0.0000 0 0.0000 -1.0000 -1.0000 -1.0000 -1.0000 1.9089 1.7967 4.5021 -5.5402 35.8183 0.1666 -1.7451 0.3549
2 0.0000 0 0.0000 -1.0000 -1.0000 -1.0000 -1.0000 1.8932 1.5370 4.5626 -7.8368 40.7182 -0.0894 1.2856 0.3340
3 0.0000 0 0.0000 -1.0000 -1.0000 -1.0000 -1.0000 0.8573 1.5587 1.8914 -60.0886 17.8019 -0.1288 -1.3233 0.3317
3 0.0000 0 0.0000 -1.0000 -1.0000 -1.0000 -1.0000 0.7977 1.5856 1.7590 -67.1135 21.2342 -0.2070 -0.4349 0.3118
1 0.0000 0 0.0000 -1.0000 -1.0000 -1.0000 -1.0000 0.7230 1.6501 0.7361 -33.9150 -33.8120 1.3689 0.2359 0.5327
