2 0.0000 0 0.0000 -1.0000 -1.0000 -1.0000 -1.0000 1.9869 1.4123 4.5763 12.7144 10.4438 0.6493 0.0101 0.7773
2 0.0000 0 0.0000 -1.0000 -1.0000 -1.0000 -1.0000 2.0511 1.5334 4.6439 23.2457 10.8552 0.7194 -0.0096 0.7707
2 0.0000 0 0.0000 -1.0000 -1.0000 -1.0000 -1.0000 1.9187 1.5489 4.5732 -43.7827 -37.5338 1.1907 -1.5447 0.5742
2 0.0000 0 0.0000 -1.0000 -1.0000 -1.0000 -1.0000 1.9586 1.7132 4.6430 77.6302 17.8673 0.9274 3.1114 0.5142
2 0.0000 0 0.0000 -1.0000 -1.0000 -1.0000 -1.0000 1.9041 1.5069 4.5255 3.2247 40.5789 0.3540 -3.0085 0.4400
2 0.0000 0 0.0000 -1.0000 -1.0000 -1.0000 -1.0000 1.8640 1.7441 4.4051 10.5877 28.0386 0.6819 -0.9955 0.3769
2 0.0000 0 0.0000 -1.0000 -1.0000 -1.0000 -1.0000 1.8906 1.7774 4.4603 5.2293 35.5505 0.5117 1.2437 0.3548
2 0.0000 0 0.0000 -1.0000 -1.0000 -1.0000 -1.0000 1.8570 1.5810 4.4977 -83.6242 7.1944 0.4997 -3.0996 0.3353
3 0.0000 0 0.0000 -1.0000 -1.0000 -1.0000 -1.0000 0.8614 1.6143 1.8607 -52.7958 20.6495 0.6457 0.0810 0.4618
3 0.0000 0 0.0000 -1.0000 -1.0000 -1.0000 -1.0000 0.8322 1.5467 1.8577 -48.1514 13.1363 0.5525 -1.3864 0.4234
3 0.0000 0 0.0000 -1.0000 -1.0000 -1.0000 -1.0000 0.7768 1.5529 1.7321 -56.7101 21.3466 0.6017 -0.0024 0.3997
3 0.0000 0 0.0000 -1.0000 -1.0000 -1.0000 -1.0000 0.7586 1.4578 1.7551 -54.3884 24.3267 0.5262 -1.3314 0.3326
3 0.0000 0 0.0000 -1.0000 -1.0000 -1.0000 -1.0000 0.7858 1.5566 1.7446 -58.0602 19.0334 0.6222 0.2577 0.3320
1 0.0000 0 0.0000 -1.0000 -1.0000 -1.0000 -1.0000 0.7360 1.6311 0.7488 -24.4257 -34.0360 1.1382 2.6139 0.3736
1 0.0000 0 0.0000 -1.0000 -1.0000 -1.0000 -1.0000 0.7175 1.6850 0.6906 -35.7650 -36.4900 1.3454 0.1400 0.3450
