2 0.0000 0 0.0000 -1.0000 -1.0000 -1.0000 -1.0000 1.9371 1.3988 4.5530 4.8451 10.5300 0.5858 0.0130 0.7591
2 0.0000 0 0.0000 -1.0000 -1.0000 -1.0000 -1.0000 2.0499 1.4717 4.7282 13.0369 10.9391 0.6936 3.1204 0.6841
2 0.0000 0 0.0000 -1.0000 -1.0000 -1.0000 -1.0000 1.9668 1.8020 4.6369 69.6614 18.0506 0.9820 3.1380 0.4964
2 0.0000 0 0.0000 -1.0000 -1.0000 -1.0000 -1.0000 1.9160 1.7569 4.5444 -2.5741 35.6288 0.3333 1.4411 0.4722
2 0.0000 0 0.0000 -1.0000 -1.0000 -1.0000 -1.0000 1.8828 1.5178 4.5577 -51.1286 -37.5218 1.0898 -1.4270 0.3692
2 0.0000 0 0.0000 -1.0000 -1.0000 -1.0000 -1.0000 1.9291 1.6431 4.5735 -0.6797 26.9813 0.3623 2.5594 0.3457
3 0.0000 0 0.0000 -1.0000 -1.0000 -1.0000 -1.0000 0.8067 1.5629 1.8253 -56.5293 16.5443 0.1687 -1.3474 0.4885
3 0.0000 0 0.0000 -1.0000 -1.0000 -1.0000 -1.0000 0.8112 1.6001 1.7780 -65.9752 18.8200 0.3968 0.0342 0.3756
3 0.0000 0 0.0000 -1.0000 -1.0000 -1.0000 -1.0000 0.8556 1.6096 1.8212 -63.2474 21.1870 0.3663 0.0622 0.3431
1 0.0000 0 0.0000 -1.0000 -1.0000 -1.0000 -1.0000 0.7059 1.6762 0.6971 -31.2948 -33.8896 1.1834 2.2517 0.5224
