2 0.0000 0 0.0000 -1.0000 -1.0000 -1.0000 -1.0000 1.9300 1.4576 4.5019 -27.5755 11.0871 1.1704 -3.0537 0.7681
2 0.0000 0 0.0000 -1.0000 -1.0000 -1.0000 -1.0000 1.9258 1.4847 4.5737 8.5038 -37.0358 1.3812 -1.7050 0.6334
2 0.0000 0 0.0000 -1.0000 -1.0000 -1.0000 -1.0000 1.9566 1.5664 4.6127 -48.6989 8.8008 1.8133 2.1428 0.5843
2 0.0000 0 0.0000 -1.0000 -1.0000 -1.0000 -1.0000 2.0407 1.9558 4.5607 6.2829 13.2327 0.6822 -2.5785 0.5390
2 0.0000 0 0.0000 -1.0000 -1.0000 -1.0000 -1.0000 1.8170 1.4452 4.4243 -42.2054 11.1209 1.5853 -2.9887 0.5088
2 0.0000 0 0.0000 -1.0000 -1.0000 -1.0000 -1.0000 1.8304 1.4573 4.4039 -34.0232 11.1041 1.2668 0.0452 0.4626
2 0.0000 0 0.0000 -1.0000 -1.0000 -1.0000 -1.0000 1.9473 1.6715 4.6229 63.0944 31.2870 -0.5780 -1.7537 0.3851
2 0.0000 0 0.0000 -1.0000 -1.0000 -1.0000 -1.0000 1.8645 1.5465 4.4220 72.2423 37.8900 -0.4408 -1.1209 0.3710
2 0.0000 0 0.0000 -1.0000 -1.0000 -1.0000 -1.0000 2.0038 1.6287 4.7074 64.2977 22.3928 -0.6176 -0.7914 0.3328
2 0.0000 0 0.0000 -1.0000 -1.0000 -1.0000 -1.0000 1.9681 1.6058 4.6830 62.1215 36.6759 -0.9016 -3.1298 0.3300
3 0.0000 0 0.0000 -1.0000 -1.0000 -1.0000 -1.0000 0.7886 1.5380 1.8129 7.0720 -19.9485 0.9122 1.5220 0.5715
3 0.0000 0 0.0000 -1.0000 -1.0000 -1.0000 -1.0000 0.8569 1.5907 1.8706 23.5462 3.1058 0.5019 2.2683 0.5175
3 0.0000 0 0.0000 -1.0000 -1.0000 -1.0000 -1.0000 0.8353 1.5647 1.9219 8.8381 -1.6050 0.7941 1.5005 0.3861
3 0.0000 0 0.0000 -1.0000 -1.0000 -1.0000 -1.0000 0.8199 1.6128 1.7946 19.6900 -36.0964 1.2522 1.7678 0.3295
3 0.0000 0 0.0000 -1.0000 -1.0000 -1.0000 -1.0000 0.6512 1.1445 1.6345 -20.4355 15.8081 0.8371 0.8410 0.3244
1 0.0000 0 0.0000 -1.0000 -1.0000 -1.0000 -1.0000 0.6936 1.6913 0.6481 -33.2580 21.7086 1.5364 0.0271 0.5538
