2 0.0000 0 0.0000 -1.0000 -1.0000 -1.0000 -1.0000 1.8990 1.4315 4.4858 -35.5975 10.6797 1.2006 -3.0335 0.7254
2 0.0000 0 0.0000 -1.0000 -1.0000 -1.0000 -1.0000 1.9472 1.5456 4.5758 60.6656 6.6939 -0.0115 3.0046 0.6425
2 0.0000 0 0.0000 -1.0000 -1.0000 -1.0000 -1.0000 1.9387 1.4830 4.6032 1.0441 -36.7198 0.7974 -1.6716 0.6127
2 0.0000 0 0.0000 -1.0000 -1.0000 -1.0000 -1.0000 1.8765 1.5586 4.5265 -50.3466 10.5073 1.6253 -3.0358 0.6029
2 0.0000 0 0.0000 -1.0000 -1.0000 -1.0000 -1.0000 1.9797 1.4977 4.6050 53.5973 37.3503 0.1134 -3.0819 0.5894
2 0.0000 0 0.0000 -1.0000 -1.0000 -1.0000 -1.0000 1.9546 1.7367 4.6013 54.4940 32.6466 0.2400 -1.7428 0.5235
2 0.0000 0 0.0000 -1.0000 -1.0000 -1.0000 -1.0000 1.8311 1.4196 4.4223 -42.1671 10.6777 1.3693 -3.1209 0.5227
2 0.0000 0 0.0000 -1.0000 -1.0000 -1.0000 -1.0000 1.9167 1.8703 4.4141 -9.9534 9.5289 1.0176 -2.8535 0.4904
2 0.0000 0 0.0000 -1.0000 -1.0000 -1.0000 -1.0000 1.8787 1.5395 4.4709 -50.9357 -10.8201 1.3733 -1.5150 0.4620
2 0.0000 0 0.0000 -1.0000 -1.0000 -1.0000 -1.0000 1.9386 1.5070 4.5628 57.3694 31.1265 0.1050 -1.8879 0.4259
2 0.0000 0 0.0000 -1.0000 -1.0000 -1.0000 -1.0000 1.9534 1.5896 4.6473 -60.5021 8.8667 1.8179 -0.0196 0.4254
2 0.0000 0 0.0000 -1.0000 -1.0000 -1.0000 -1.0000 2.0062 1.6324 4.7277 56.0250 23.7565 0.1080 -0.9126 0.4001
2 0.0000 0 0.0000 -1.0000 -1.0000 -1.0000 -1.0000 1.8645 1.4889 4.4527 64.0159 29.6132 0.0913 -1.2107 0.3760
3 0.0000 0 0.0000 -1.0000 -1.0000 -1.0000 -1.0000 0.8497 1.6169 1.8559 1.7690 9.0168 0.8133 1.5765 0.5881
3 0.0000 0 0.0000 -1.0000 -1.0000 -1.0000 -1.0000 0.8984 1.6287 1.8851 10.9154 10.3603 0.7408 -0.7518 0.5343
3 0.0000 0 0.0000 -1.0000 -1.0000 -1.0000 -1.0000 0.7890 1.5765 1.7585 -0.5206 -12.9706 0.7087 -1.3743 0.4908
3 0.0000 0 0.0000 -1.0000 -1.0000 -1.0000 -1.0000 0.6984 1.2287 1.7226 -8.2092 25.8086 0.8320 1.7047 0.3921
3 0.0000 0 0.0000 -1.0000 -1.0000 -1.0000 -1.0000 0.7797 1.5412 1.7648 -4.9786 25.9174 0.8963 1.7161 0.3527
3 0.0000 0 0.0000 -1.0000 -1.0000 -1.0000 -1.0000 0.6860 1.3147 1.6521 -31.0018 13.0605 1.0779 -0.7691 0.3329
3 0.0000 0 0.0000 -1.0000 -1.0000 -1.0000 -1.0000 0.7117 1.3678 1.7019 -4.7726 29.8475 0.8528 -1.1689 0.3301
3 0.0000 0 0.0000 -1.0000 -1.0000 -1.0000 -1.0000 0.8909 1.6282 1.8570 -9.0767 20.7599 0.9639 0.2241 0.3138
1 0.0000 0 0.0000 -1.0000 -1.0000 -1.0000 -1.0000 0.7172 1.6921 0.7021 16.9242 -37.5759 0.7965 -0.4474 0.3769
1 0.0000 0 0.0000 -1.0000 -1.0000 -1.0000 -1.0000 0.7163 1.6172 0.7025 13.9472 -35.8149 0.7971 2.5680 0.3276
