2 0.0000 0 0.0000 -1.0000 -1.0000 -1.0000 -1.0000 1.9375 1.4966 4.5765 -17.9952 -36.9976 0.8831 -1.5751 0.6839
2 0.0000 0 0.0000 -1.0000 -1.0000 -1.0000 -1.0000 1.9617 1.4793 4.5585 65.3294 9.3202 -0.0448 3.0952 0.6153
2 0.0000 0 0.0000 -1.0000 -1.0000 -1.0000 -1.0000 1.9584 1.8309 4.6310 -47.4740 4.9664 1.5210 0.0623 0.5384
2 0.0000 0 0.0000 -1.0000 -1.0000 -1.0000 -1.0000 1.9670 1.7790 4.6154 32.0609 34.6853 0.4949 -1.7292 0.5347
2 0.0000 0 0.0000 -1.0000 -1.0000 -1.0000 -1.0000 1.8654 1.4577 4.4429 -56.9564 8.8183 1.5090 -3.0470 0.5328
2 0.0000 0 0.0000 -1.0000 -1.0000 -1.0000 -1.0000 1.9207 1.5192 4.5459 34.7459 33.5387 0.3574 -1.8133 0.4835
2 0.0000 0 0.0000 -1.0000 -1.0000 -1.0000 -1.0000 1.9491 1.4456 4.5558 39.1024 9.4978 0.1176 3.0949 0.4592
2 0.0000 0 0.0000 -1.0000 -1.0000 -1.0000 -1.0000 1.9110 1.5310 4.5160 42.8617 36.8568 0.3832 -2.9566 0.4536
2 0.0000 0 0.0000 -1.0000 -1.0000 -1.0000 -1.0000 1.9486 1.5735 4.6584 -74.2910 -6.8119 1.7122 2.1794 0.4293
2 0.0000 0 0.0000 -1.0000 -1.0000 -1.0000 -1.0000 1.9731 1.5542 4.6808 33.7679 26.3115 0.3719 2.4945 0.3719
2 0.0000 0 0.0000 -1.0000 -1.0000 -1.0000 -1.0000 1.9461 1.5153 4.6321 30.6637 39.6904 0.3968 -0.0656 0.3477
2 0.0000 0 0.0000 -1.0000 -1.0000 -1.0000 -1.0000 1.8984 1.6597 4.5517 42.5640 33.6177 0.4348 -0.0020 0.3337
2 0.0000 0 0.0000 -1.0000 -1.0000 -1.0000 -1.0000 1.8906 1.6339 4.5586 37.6185 27.4102 0.3990 1.8275 0.3192
2 0.0000 0 0.0000 -1.0000 -1.0000 -1.0000 -1.0000 1.8570 1.4837 4.4901 44.0840 29.6318 0.3277 -1.7091 0.3134
5 0.0000 0 0.0000 -1.0000 -1.0000 -1.0000 -1.0000 1.1443 1.6769 2.6881 -18.7651 18.1633 0.9939 -0.4189 0.3801
3 0.0000 0 0.0000 -1.0000 -1.0000 -1.0000 -1.0000 0.7893 1.5583 1.8182 -18.6292 28.2875 1.0658 -1.7150 0.4759
3 0.0000 0 0.0000 -1.0000 -1.0000 -1.0000 -1.0000 0.8605 1.6092 1.8964 -20.6518 -0.3579 1.0038 1.5587 0.3998
3 0.0000 0 0.0000 -1.0000 -1.0000 -1.0000 -1.0000 0.9915 1.6323 1.9895 -18.4214 18.2121 0.9951 -0.4209 0.3759
3 0.0000 0 0.0000 -1.0000 -1.0000 -1.0000 -1.0000 0.6962 1.3004 1.6764 -52.5297 11.2253 1.4012 -0.3191 0.3671
3 0.0000 0 0.0000 -1.0000 -1.0000 -1.0000 -1.0000 0.7293 1.5156 1.7613 -31.2905 20.1713 1.3646 -1.3876 0.3332
3 0.0000 0 0.0000 -1.0000 -1.0000 -1.0000 -1.0000 0.7040 1.3737 1.7340 -30.0365 25.3672 1.3075 1.8670 0.3098
1 0.0000 0 0.0000 -1.0000 -1.0000 -1.0000 -1.0000 0.7087 1.6703 0.6740 -6.0394 -36.6255 0.8980 2.8103 0.3271
