2 0.0000 0 0.0000 -1.0000 -1.0000 -1.0000 -1.0000 1.9605 1.4050 4.5455 20.2631 10.3882 0.5934 0.0242 0.8079
2 0.0000 0 0.0000 -1.0000 -1.0000 -1.0000 -1.0000 1.9625 1.4522 4.5228 33.9026 10.8351 0.6378 0.0037 0.7656
2 0.0000 0 0.0000 -1.0000 -1.0000 -1.0000 -1.0000 1.9686 1.6697 4.6705 12.7630 35.6174 0.6238 -1.6644 0.6465
2 0.0000 0 0.0000 -1.0000 -1.0000 -1.0000 -1.0000 1.9110 1.5303 4.5093 -76.1108 7.4917 0.7999 -2.9884 0.4734
2 0.0000 0 0.0000 -1.0000 -1.0000 -1.0000 -1.0000 1.9056 1.5002 4.5169 11.0588 40.5278 0.5170 -3.0433 0.4480
2 0.0000 0 0.0000 -1.0000 -1.0000 -1.0000 -1.0000 1.9522 1.6063 4.6882 -36.5616 -36.9494 1.1838 -1.5983 0.3960
2 0.0000 0 0.0000 -1.0000 -1.0000 -1.0000 -1.0000 1.9384 1.4829 4.6018 15.5436 34.7680 0.5645 -1.7699 0.3573
2 0.0000 0 0.0000 -1.0000 -1.0000 -1.0000 -1.0000 1.9674 1.6394 4.6464 22.1249 39.7912 0.8132 0.2114 0.3471
2 0.0000 0 0.0000 -1.0000 -1.0000 -1.0000 -1.0000 1.8409 1.7707 4.3798 18.4756 27.8259 0.7721 1.9795 0.3409
2 0.0000 0 0.0000 -1.0000 -1.0000 -1.0000 -1.0000 1.9073 1.6601 4.5332 14.7733 26.7323 0.6758 2.5398 0.3014
4 0.0000 0 0.0000 -1.0000 -1.0000 -1.0000 -1.0000 2.0722 2.0107 5.3571 -79.2325 2.5190 1.0580 0.1061 0.3326
3 0.0000 0 0.0000 -1.0000 -1.0000 -1.0000 -1.0000 0.7822 1.5915 1.7136 -46.0848 20.7891 0.7805 0.1801 0.5293
3 0.0000 0 0.0000 -1.0000 -1.0000 -1.0000 -1.0000 0.7611 1.5349 1.7923 -39.8924 9.2425 0.6653 1.6138 0.5041
3 0.0000 0 0.0000 -1.0000 -1.0000 -1.0000 -1.0000 0.8734 1.5904 1.8988 -42.4509 20.0694 0.7138 -2.4783 0.4643
3 0.0000 0 0.0000 -1.0000 -1.0000 -1.0000 -1.0000 0.7509 1.4939 1.7346 -54.6274 16.7342 0.7059 -0.0390 0.4001
3 0.0000 0 0.0000 -1.0000 -1.0000 -1.0000 -1.0000 0.8133 1.6193 1.7661 -50.1887 19.3445 0.8897 0.4368 0.3666
1 0.0000 0 0.0000 -1.0000 -1.0000 -1.0000 -1.0000 0.7285 1.6362 0.7540 -17.7953 -34.1191 1.1195 -2.1755 0.3899
1 0.0000 0 0.0000 -1.0000 -1.0000 -1.0000 -1.0000 0.7344 1.7127 0.7362 -27.0772 -36.5123 1.3719 2.9423 0.3194
