2 0.0000 0 0.0000 -1.0000 -1.0000 -1.0000 -1.0000 1.9759 1.4753 4.5934 45.0492 38.8315 0.7465 -0.0588 0.7177
2 0.0000 0 0.0000 -1.0000 -1.0000 -1.0000 -1.0000 1.8899 1.4348 4.4458 52.3535 8.2540 0.5075 0.0207 0.7174
2 0.0000 0 0.0000 -1.0000 -1.0000 -1.0000 -1.0000 1.9398 1.6721 4.5642 46.4403 33.8942 0.8297 1.4814 0.6044
2 0.0000 0 0.0000 -1.0000 -1.0000 -1.0000 -1.0000 1.9622 1.5715 4.6577 -69.7553 7.3221 1.2481 -3.0951 0.5391
2 0.0000 0 0.0000 -1.0000 -1.0000 -1.0000 -1.0000 1.8697 1.5228 4.4897 -58.2964 9.2235 1.1272 -2.9641 0.5274
2 0.0000 0 0.0000 -1.0000 -1.0000 -1.0000 -1.0000 1.9275 1.8442 4.4366 -24.3999 7.2773 0.9692 0.2065 0.5211
2 0.0000 0 0.0000 -1.0000 -1.0000 -1.0000 -1.0000 1.9007 1.4734 4.4215 -43.8343 9.9613 0.9046 -3.0616 0.4868
2 0.0000 0 0.0000 -1.0000 -1.0000 -1.0000 -1.0000 1.8837 1.4975 4.5176 -59.7464 -7.3621 1.0583 -1.3030 0.4312
2 0.0000 0 0.0000 -1.0000 -1.0000 -1.0000 -1.0000 1.9423 1.5006 4.6410 -6.0813 -36.4983 0.7458 -1.7299 0.3993
2 0.0000 0 0.0000 -1.0000 -1.0000 -1.0000 -1.0000 1.8432 1.4453 4.5315 -50.3219 9.8242 0.9960 -3.1035 0.3612
2 0.0000 0 0.0000 -1.0000 -1.0000 -1.0000 -1.0000 1.9190 1.6332 4.5140 56.6704 32.1260 0.7726 -0.0475 0.3492
2 0.0000 0 0.0000 -1.0000 -1.0000 -1.0000 -1.0000 1.9181 1.5572 4.5143 56.8289 35.0883 0.7580 0.3425 0.3110
3 0.0000 0 0.0000 -1.0000 -1.0000 -1.0000 -1.0000 0.9001 1.6498 1.8551 -0.5212 14.3680 0.8703 -0.6980 0.5378
3 0.0000 0 0.0000 -1.0000 -1.0000 -1.0000 -1.0000 0.8740 1.5442 1.8589 -8.4520 -7.9162 0.7625 1.8607 0.4934
3 0.0000 0 0.0000 -1.0000 -1.0000 -1.0000 -1.0000 0.6930 1.3593 1.7233 -16.5876 25.6645 0.9235 1.6982 0.4772
3 0.0000 0 0.0000 -1.0000 -1.0000 -1.0000 -1.0000 0.8555 1.6275 1.8159 -6.2791 16.9999 0.8293 -1.8282 0.4551
3 0.0000 0 0.0000 -1.0000 -1.0000 -1.0000 -1.0000 0.6874 1.3574 1.7266 -12.1650 29.4695 0.8569 -1.5633 0.3371
1 0.0000 0 0.0000 -1.0000 -1.0000 -1.0000 -1.0000 0.6938 1.6694 0.6338 8.5553 -36.9575 0.8418 3.0213 0.4445
1 0.0000 0 0.0000 -1.0000 -1.0000 -1.0000 -1.0000 0.6722 1.6402 0.6103 8.3860 -35.1102 0.8389 -2.5403 0.4067
1 0.0000 0 0.0000 -1.0000 -1.0000 -1.0000 -1.0000 0.7107 1.6377 0.6633 -17.7627 20.5613 1.0022 0.4223 0.3348
