2 0.0000 0 0.0000 -1.0000 -1.0000 -1.0000 -1.0000 1.8549 1.4574 4.4475 -37.0602 10.8653 1.4153 -0.0079 0.6656
2 0.0000 0 0.0000 -1.0000 -1.0000 -1.0000 -1.0000 1.9132 1.4711 4.5802 -45.1187 10.7357 1.5732 3.1368 0.6632
2 0.0000 0 0.0000 -1.0000 -1.0000 -1.0000 -1.0000 1.9261 1.4525 4.5254 -30.6140 10.9164 1.2433 -3.1038 0.5406
2 0.0000 0 0.0000 -1.0000 -1.0000 -1.0000 -1.0000 1.9827 1.5911 4.5823 58.9306 37.0692 -0.7146 0.0319 0.5144
2 0.0000 0 0.0000 -1.0000 -1.0000 -1.0000 -1.0000 1.9242 1.5703 4.5504 -53.1537 8.9685 1.9135 2.6796 0.4892
2 0.0000 0 0.0000 -1.0000 -1.0000 -1.0000 -1.0000 1.9335 1.8207 4.4794 59.8369 32.0176 -0.3962 1.3579 0.4809
2 0.0000 0 0.0000 -1.0000 -1.0000 -1.0000 -1.0000 2.0014 1.9090 4.5530 0.2460 11.5047 0.7587 -2.6915 0.4209
2 0.0000 0 0.0000 -1.0000 -1.0000 -1.0000 -1.0000 1.8824 1.4937 4.5736 -45.3336 -14.6142 1.7399 -1.4426 0.4014
2 0.0000 0 0.0000 -1.0000 -1.0000 -1.0000 -1.0000 1.9670 1.6184 4.6365 61.8405 23.2308 -0.4867 -0.8525 0.3944
2 0.0000 0 0.0000 -1.0000 -1.0000 -1.0000 -1.0000 1.9717 1.6073 4.6301 65.5571 6.3805 -0.4369 2.9784 0.3463
2 0.0000 0 0.0000 -1.0000 -1.0000 -1.0000 -1.0000 1.9238 1.5925 4.5795 5.8527 -36.4289 1.1550 1.3767 0.3324
2 0.0000 0 0.0000 -1.0000 -1.0000 -1.0000 -1.0000 1.9126 1.5708 4.6109 69.5431 29.5466 -0.3710 -1.2937 0.3087
3 0.0000 0 0.0000 -1.0000 -1.0000 -1.0000 -1.0000 0.8183 1.5532 1.8906 6.4879 2.6785 0.7062 1.3507 0.5325
3 0.0000 0 0.0000 -1.0000 -1.0000 -1.0000 -1.0000 0.8514 1.6134 1.8348 18.2241 6.1675 0.5066 2.2950 0.5250
3 0.0000 0 0.0000 -1.0000 -1.0000 -1.0000 -1.0000 0.7411 1.4279 1.7342 -25.9242 13.1295 1.0284 -0.2944 0.5088
3 0.0000 0 0.0000 -1.0000 -1.0000 -1.0000 -1.0000 0.7692 1.5467 1.7759 4.6481 -16.8551 0.8115 1.5632 0.5011
3 0.0000 0 0.0000 -1.0000 -1.0000 -1.0000 -1.0000 0.7109 1.2407 1.7277 -2.9975 25.6673 0.5930 1.6950 0.4314
3 0.0000 0 0.0000 -1.0000 -1.0000 -1.0000 -1.0000 0.8542 1.6078 1.8218 -4.1821 20.8218 0.7757 -2.8830 0.3833
3 0.0000 0 0.0000 -1.0000 -1.0000 -1.0000 -1.0000 0.7165 1.4506 1.7385 0.9339 26.1297 0.5898 -1.3095 0.3599
3 0.0000 0 0.0000 -1.0000 -1.0000 -1.0000 -1.0000 0.7297 1.3876 1.7789 -8.4951 17.8072 0.7300 -1.5648 0.3430
1 0.0000 0 0.0000 -1.0000 -1.0000 -1.0000 -1.0000 0.7119 1.7214 0.6630 -37.1598 21.3797 1.7491 3.0589 0.3849
1 0.0000 0 0.0000 -1.0000 -1.0000 -1.0000 -1.0000 0.7405 1.6957 0.7507 23.2785 -37.8583 0.9983 2.6696 0.3823
1 0.0000 0 0.0000 -1.0000 -1.0000 -1.0000 -1.0000 0.7051 1.6778 0.6478 20.2858 6.6442 0.5356 -0.8103 0.3795
1 0.0000 0 0.0000 -1.0000 -1.0000 -1.0000 -1.0000 0.7200 1.6492 0.7174 17.8666 -35.8440 1.0802 2.0710 0.3380
