2 0.0000 0 0.0000 -1.0000 -1.0000 -1.0000 -1.0000 2.0697 1.8912 4.5914 7.9042 13.8598 0.5701 -2.4745 0.6279
2 0.0000 0 0.0000 -1.0000 -1.0000 -1.0000 -1.0000 1.9276 1.5072 4.4888 -26.9835 11.2742 1.1367 -3.1102 0.6271
2 0.0000 0 0.0000 -1.0000 -1.0000 -1.0000 -1.0000 1.9269 1.5309 4.5713 8.9192 -37.0207 1.4280 1.4426 0.5972
2 0.0000 0 0.0000 -1.0000 -1.0000 -1.0000 -1.0000 1.9549 1.5044 4.6234 -47.3474 8.8460 1.7462 2.0749 0.5258
2 0.0000 0 0.0000 -1.0000 -1.0000 -1.0000 -1.0000 2.0088 1.7216 4.7233 65.2847 21.9916 -0.5092 -0.9160 0.4577
2 0.0000 0 0.0000 -1.0000 -1.0000 -1.0000 -1.0000 1.9557 1.6540 4.6223 63.9350 31.0675 -0.5786 1.3197 0.4443
2 0.0000 0 0.0000 -1.0000 -1.0000 -1.0000 -1.0000 1.8241 1.4318 4.4708 -41.4390 11.2027 1.4397 0.0986 0.4204
2 0.0000 0 0.0000 -1.0000 -1.0000 -1.0000 -1.0000 1.8772 1.4372 4.5580 -33.3356 11.6647 1.2922 3.1411 0.4008
3 0.0000 0 0.0000 -1.0000 -1.0000 -1.0000 -1.0000 0.8694 1.6031 1.9182 9.2833 -2.8343 0.8092 1.4983 0.5426
3 0.0000 0 0.0000 -1.0000 -1.0000 -1.0000 -1.0000 0.8776 1.6095 1.8679 25.3067 2.1062 0.4864 -0.9355 0.3828
3 0.0000 0 0.0000 -1.0000 -1.0000 -1.0000 -1.0000 0.6672 1.1390 1.6422 -20.4935 16.2237 0.8614 -1.2554 0.3717
3 0.0000 0 0.0000 -1.0000 -1.0000 -1.0000 -1.0000 0.6916 1.3224 1.7256 -3.4182 16.6823 0.5167 -1.6345 0.3628
3 0.0000 0 0.0000 -1.0000 -1.0000 -1.0000 -1.0000 0.7593 1.3782 1.7524 -22.2552 13.5092 0.8936 -0.3802 0.3577
3 0.0000 0 0.0000 -1.0000 -1.0000 -1.0000 -1.0000 0.7098 1.3099 1.7304 0.9965 25.8421 0.4297 1.8013 0.3565
3 0.0000 0 0.0000 -1.0000 -1.0000 -1.0000 -1.0000 0.7392 1.4975 1.7611 4.7689 26.0427 0.4334 -1.2568 0.3555
1 0.0000 0 0.0000 -1.0000 -1.0000 -1.0000 -1.0000 0.7141 1.6863 0.6599 -16.2160 19.3858 1.0129 0.1702 0.4063
1 0.0000 0 0.0000 -1.0000 -1.0000 -1.0000 -1.0000 0.7108 1.6764 0.6978 -32.1417 21.9488 1.4478 2.9506 0.4026
