2 0.0000 0 0.0000 -1.0000 -1.0000 -1.0000 -1.0000 1.8902 1.5050 4.4498 -58.7126 8.5773 1.0155 -2.9617 0.6551
2 0.0000 0 0.0000 -1.0000 -1.0000 -1.0000 -1.0000 1.9470 1.4966 4.5874 -19.6175 -37.0280 0.6858 -1.5245 0.6481
2 0.0000 0 0.0000 -1.0000 -1.0000 -1.0000 -1.0000 1.9736 1.4891 4.5600 41.0470 36.9827 0.7536 -2.7315 0.5336
2 0.0000 0 0.0000 -1.0000 -1.0000 -1.0000 -1.0000 1.9338 1.4941 4.5856 33.0306 33.7026 0.6692 -1.8518 0.5041
2 0.0000 0 0.0000 -1.0000 -1.0000 -1.0000 -1.0000 1.9692 1.4698 4.5477 62.0642 9.4249 0.5577 -0.0788 0.5040
2 0.0000 0 0.0000 -1.0000 -1.0000 -1.0000 -1.0000 1.9691 1.4331 4.5579 37.3519 9.5702 0.5909 3.0699 0.5006
2 0.0000 0 0.0000 -1.0000 -1.0000 -1.0000 -1.0000 1.9283 1.5043 4.5210 -76.1902 -6.9422 0.4102 -0.8972 0.4751
2 0.0000 0 0.0000 -1.0000 -1.0000 -1.0000 -1.0000 1.9373 1.7688 4.5667 30.3990 34.8038 0.7873 1.4016 0.4273
2 0.0000 0 0.0000 -1.0000 -1.0000 -1.0000 -1.0000 2.0233 2.0543 4.8816 -50.3396 4.6564 1.0509 0.1147 0.4196
2 0.0000 0 0.0000 -1.0000 -1.0000 -1.0000 -1.0000 1.9525 1.5040 4.6302 29.0189 39.8917 0.6674 -0.0857 0.3986
2 0.0000 0 0.0000 -1.0000 -1.0000 -1.0000 -1.0000 1.8907 1.5358 4.5693 35.8604 27.2488 0.5999 1.8911 0.3647
2 0.0000 0 0.0000 -1.0000 -1.0000 -1.0000 -1.0000 1.9232 1.6669 4.5626 40.9611 33.4058 0.8319 -0.1905 0.3537
2 0.0000 0 0.0000 -1.0000 -1.0000 -1.0000 -1.0000 1.8582 1.6136 4.5455 -65.3853 8.2267 1.2477 -3.0819 0.3228
5 0.0000 0 0.0000 -1.0000 -1.0000 -1.0000 -1.0000 1.1638 1.6627 2.7788 -21.6035 18.3721 0.7656 2.7880 0.4180
3 0.0000 0 0.0000 -1.0000 -1.0000 -1.0000 -1.0000 0.7649 1.5672 1.7750 -20.1904 29.5776 0.9021 -1.7522 0.4886
3 0.0000 0 0.0000 -1.0000 -1.0000 -1.0000 -1.0000 0.8738 1.5746 1.9669 -22.5034 0.6826 0.8025 1.4634 0.4511
3 0.0000 0 0.0000 -1.0000 -1.0000 -1.0000 -1.0000 0.6908 1.2435 1.6600 -54.2774 11.2353 0.9099 -0.4942 0.3855
3 0.0000 0 0.0000 -1.0000 -1.0000 -1.0000 -1.0000 0.7096 1.2606 1.7385 -32.0163 25.4183 0.9125 1.8757 0.3408
3 0.0000 0 0.0000 -1.0000 -1.0000 -1.0000 -1.0000 0.6736 1.3318 1.7040 -27.6268 29.5035 0.8543 -1.3376 0.3268
1 0.0000 0 0.0000 -1.0000 -1.0000 -1.0000 -1.0000 0.7011 1.6563 0.6509 -8.0117 -36.5927 0.8801 2.8852 0.3098
