2 0.0000 0 0.0000 -1.0000 -1.0000 -1.0000 -1.0000 1.9734 1.6471 4.6091 -62.2379 8.5220 0.2008 -3.0725 0.7576
2 0.0000 0 0.0000 -1.0000 -1.0000 -1.0000 -1.0000 1.9882 1.4436 4.5347 33.9638 9.7938 0.9084 0.0351 0.7181
2 0.0000 0 0.0000 -1.0000 -1.0000 -1.0000 -1.0000 1.9336 1.6597 4.4986 55.8736 9.6456 1.1602 3.1121 0.4866
2 0.0000 0 0.0000 -1.0000 -1.0000 -1.0000 -1.0000 1.9200 1.4995 4.5415 37.4874 37.2282 1.0469 -2.8500 0.4593
2 0.0000 0 0.0000 -1.0000 -1.0000 -1.0000 -1.0000 1.9090 1.5032 4.5686 -22.8050 -37.0960 0.8257 -1.5095 0.4369
2 0.0000 0 0.0000 -1.0000 -1.0000 -1.0000 -1.0000 1.9357 1.7465 4.5353 27.0299 34.9926 1.0060 1.5400 0.4162
2 0.0000 0 0.0000 -1.0000 -1.0000 -1.0000 -1.0000 2.0129 1.5453 4.6280 -80.0218 -6.7036 0.3859 -0.7474 0.4137
2 0.0000 0 0.0000 -1.0000 -1.0000 -1.0000 -1.0000 1.9093 1.4891 4.5411 29.1530 33.9235 0.8648 1.4557 0.3848
2 0.0000 0 0.0000 -1.0000 -1.0000 -1.0000 -1.0000 1.9558 1.5292 4.6359 25.3657 39.9261 0.8043 -0.0771 0.3554
2 0.0000 0 0.0000 -1.0000 -1.0000 -1.0000 -1.0000 1.8941 1.6736 4.5688 32.1822 27.5927 1.0154 1.7694 0.3055
4 0.0000 0 0.0000 -1.0000 -1.0000 -1.0000 -1.0000 1.9410 1.9162 4.9132 -56.2136 4.3685 0.4298 0.0267 0.3491
5 0.0000 0 0.0000 -1.0000 -1.0000 -1.0000 -1.0000 1.1937 1.6978 2.9681 -25.5922 19.0629 0.4038 2.6538 0.4445
3 0.0000 0 0.0000 -1.0000 -1.0000 -1.0000 -1.0000 0.7201 1.4065 1.7419 -57.7089 11.0603 -0.0234 -0.1109 0.4038
3 0.0000 0 0.0000 -1.0000 -1.0000 -1.0000 -1.0000 0.8155 1.5483 1.8961 -25.9035 2.3188 0.5832 1.5662 0.3932
3 0.0000 0 0.0000 -1.0000 -1.0000 -1.0000 -1.0000 0.7118 1.2896 1.7236 -31.4472 29.2811 0.2146 -1.2676 0.3289
3 0.0000 0 0.0000 -1.0000 -1.0000 -1.0000 -1.0000 0.6945 1.3444 1.6922 -35.7276 25.1070 0.2868 1.9563 0.3113
1 0.0000 0 0.0000 -1.0000 -1.0000 -1.0000 -1.0000 0.7427 1.6637 0.7562 -23.5954 31.9179 0.3948 -1.1453 0.3972
1 0.0000 0 0.0000 -1.0000 -1.0000 -1.0000 -1.0000 0.6756 1.6557 0.6263 -35.4191 20.1294 0.4692 1.9483 0.3965
