2 0.0000 0 0.0000 -1.0000 -1.0000 -1.0000 -1.0000 1.8964 1.4589 4.4880 -59.7849 8.5315 0.4667 -2.9597 0.7346
2 0.0000 0 0.0000 -1.0000 -1.0000 -1.0000 -1.0000 1.9630 1.5278 4.6036 -20.4594 -37.0595 0.6070 -1.4961 0.6926
2 0.0000 0 0.0000 -1.0000 -1.0000 -1.0000 -1.0000 2.0030 1.6321 4.6974 -77.1969 -6.8770 -0.2193 -0.9225 0.6292
2 0.0000 0 0.0000 -1.0000 -1.0000 -1.0000 -1.0000 1.9838 1.4753 4.5863 40.3329 36.8408 1.1677 -3.0367 0.5877
2 0.0000 0 0.0000 -1.0000 -1.0000 -1.0000 -1.0000 1.9242 1.6808 4.5470 29.4935 34.9330 1.1026 1.5259 0.5679
2 0.0000 0 0.0000 -1.0000 -1.0000 -1.0000 -1.0000 1.9783 1.6563 4.6002 60.5504 9.4725 1.2985 3.0898 0.4607
2 0.0000 0 0.0000 -1.0000 -1.0000 -1.0000 -1.0000 1.9236 1.5138 4.5752 31.5534 33.9996 0.9899 1.4234 0.4062
2 0.0000 0 0.0000 -1.0000 -1.0000 -1.0000 -1.0000 1.9866 1.6203 4.6709 31.4819 26.2687 1.0155 2.4558 0.3772
2 0.0000 0 0.0000 -1.0000 -1.0000 -1.0000 -1.0000 1.9038 1.7251 4.5399 35.2761 27.3562 1.1970 1.2135 0.3670
2 0.0000 0 0.0000 -1.0000 -1.0000 -1.0000 -1.0000 1.9224 1.5280 4.6210 28.1587 39.9307 0.9435 3.0907 0.3618
2 0.0000 0 0.0000 -1.0000 -1.0000 -1.0000 -1.0000 1.9232 1.8368 4.6234 -51.7759 4.5113 0.5587 0.1461 0.3502
2 0.0000 0 0.0000 -1.0000 -1.0000 -1.0000 -1.0000 1.9487 1.4681 4.5098 36.4825 9.5478 0.9934 3.0970 0.3417
2 0.0000 0 0.0000 -1.0000 -1.0000 -1.0000 -1.0000 1.9694 1.6279 4.7415 40.4654 33.5618 1.2609 3.1126 0.3212
5 0.0000 0 0.0000 -1.0000 -1.0000 -1.0000 -1.0000 1.1511 1.5643 2.7959 -23.5688 1.2620 0.5810 -1.4269 0.3235
3 0.0000 0 0.0000 -1.0000 -1.0000 -1.0000 -1.0000 0.8991 1.5797 1.8879 -23.4915 18.7526 0.6046 2.8152 0.4227
3 0.0000 0 0.0000 -1.0000 -1.0000 -1.0000 -1.0000 0.6777 1.3797 1.6857 -55.0048 11.1087 0.3793 -0.3673 0.4214
3 0.0000 0 0.0000 -1.0000 -1.0000 -1.0000 -1.0000 0.9103 1.6100 1.8907 -21.6390 18.6425 0.6264 -0.3957 0.4029
3 0.0000 0 0.0000 -1.0000 -1.0000 -1.0000 -1.0000 0.7548 1.5442 1.7667 -20.9549 30.2711 0.6150 -1.6329 0.3838
3 0.0000 0 0.0000 -1.0000 -1.0000 -1.0000 -1.0000 0.7068 1.2076 1.7035 -29.3505 29.4280 0.5754 -1.2590 0.3458
3 0.0000 0 0.0000 -1.0000 -1.0000 -1.0000 -1.0000 0.9684 1.5845 2.1053 -23.4303 1.2360 0.5952 -1.3393 0.3232
3 0.0000 0 0.0000 -1.0000 -1.0000 -1.0000 -1.0000 0.8163 1.5585 1.7943 -29.6613 25.3756 0.7556 -0.9940 0.3170
1 0.0000 0 0.0000 -1.0000 -1.0000 -1.0000 -1.0000 0.7068 1.6725 0.6460 -33.4963 20.1491 0.7590 1.4515 0.4129
1 0.0000 0 0.0000 -1.0000 -1.0000 -1.0000 -1.0000 0.7119 1.6699 0.6682 -9.0970 -36.5450 0.9096 0.0931 0.3898
