2 0.0000 0 0.0000 -1.0000 -1.0000 -1.0000 -1.0000 1.9132 1.4997 4.5004 47.9594 9.0823 0.4393 0.0186 0.5374
2 0.0000 0 0.0000 -1.0000 -1.0000 -1.0000 -1.0000 1.9592 1.4677 4.6228 39.9209 39.3433 0.5258 -0.0498 0.5358
2 0.0000 0 0.0000 -1.0000 -1.0000 -1.0000 -1.0000 1.8517 1.4800 4.4216 -54.7712 9.2087 1.1574 -3.0830 0.4943
2 0.0000 0 0.0000 -1.0000 -1.0000 -1.0000 -1.0000 1.9404 1.7173 4.6226 41.2952 34.1457 0.6085 1.4330 0.4917
2 0.0000 0 0.0000 -1.0000 -1.0000 -1.0000 -1.0000 1.9859 1.6590 4.6934 51.8539 32.8953 0.6746 0.0707 0.4500
2 0.0000 0 0.0000 -1.0000 -1.0000 -1.0000 -1.0000 1.9622 1.6236 4.6071 -74.2788 6.3667 1.6144 -3.0621 0.4488
2 0.0000 0 0.0000 -1.0000 -1.0000 -1.0000 -1.0000 1.9082 1.4797 4.5722 -64.7832 -7.1944 1.0799 -1.2191 0.4283
2 0.0000 0 0.0000 -1.0000 -1.0000 -1.0000 -1.0000 1.9374 1.5281 4.5844 -9.7462 -36.6029 0.8091 -1.5829 0.4159
2 0.0000 0 0.0000 -1.0000 -1.0000 -1.0000 -1.0000 1.9078 1.5004 4.5431 51.8246 35.7694 0.5865 0.1923 0.4148
2 0.0000 0 0.0000 -1.0000 -1.0000 -1.0000 -1.0000 1.9017 1.5434 4.5822 82.8097 7.9705 0.3264 0.0495 0.3814
2 0.0000 0 0.0000 -1.0000 -1.0000 -1.0000 -1.0000 1.9310 1.4913 4.5635 44.0219 33.1084 0.5267 -1.8264 0.3727
2 0.0000 0 0.0000 -1.0000 -1.0000 -1.0000 -1.0000 1.9214 1.9247 4.4530 -32.2928 6.2959 1.0895 0.1801 0.3700
2 0.0000 0 0.0000 -1.0000 -1.0000 -1.0000 -1.0000 1.9718 1.5893 4.6369 43.0895 25.5842 0.5636 2.4828 0.3575
2 0.0000 0 0.0000 -1.0000 -1.0000 -1.0000 -1.0000 1.8420 1.5222 4.4872 -62.6651 8.8269 1.2320 -3.0660 0.3499
2 0.0000 0 0.0000 -1.0000 -1.0000 -1.0000 -1.0000 1.8905 1.5684 4.5548 46.7837 26.1672 0.5607 1.3879 0.3162
3 0.0000 0 0.0000 -1.0000 -1.0000 -1.0000 -1.0000 0.8734 1.5907 1.8574 -6.5698 16.1070 0.8358 -0.6975 0.5625
3 0.0000 0 0.0000 -1.0000 -1.0000 -1.0000 -1.0000 0.7760 1.5443 1.8081 -12.9654 -5.2489 0.7755 1.5538 0.5396
3 0.0000 0 0.0000 -1.0000 -1.0000 -1.0000 -1.0000 0.7917 1.5377 1.8522 -18.2347 25.6389 0.9602 -1.7840 0.3809
3 0.0000 0 0.0000 -1.0000 -1.0000 -1.0000 -1.0000 0.7984 1.6621 1.7274 -10.6528 20.7835 0.7794 0.8899 0.3588
3 0.0000 0 0.0000 -1.0000 -1.0000 -1.0000 -1.0000 0.7132 1.4002 1.6934 -43.6436 11.8125 0.9571 -0.4124 0.3495
3 0.0000 0 0.0000 -1.0000 -1.0000 -1.0000 -1.0000 0.6868 1.2834 1.7344 -16.5735 29.5241 0.8351 -1.7533 0.3208
3 0.0000 0 0.0000 -1.0000 -1.0000 -1.0000 -1.0000 0.7428 1.4088 1.8237 -20.2579 25.5689 0.9371 -1.7138 0.3006
1 0.0000 0 0.0000 -1.0000 -1.0000 -1.0000 -1.0000 0.6863 1.6488 0.6381 5.1554 -35.0368 0.9305 -2.1967 0.4000
1 0.0000 0 0.0000 -1.0000 -1.0000 -1.0000 -1.0000 0.6878 1.6291 0.6164 -21.9172 20.4573 1.0564 -1.4490 0.3022
