2 0.0000 0 0.0000 -1.0000 -1.0000 -1.0000 -1.0000 2.0312 1.8672 4.5293 8.7727 14.1977 0.5444 -2.4867 0.6681
2 0.0000 0 0.0000 -1.0000 -1.0000 -1.0000 -1.0000 1.9538 1.5216 4.6012 -46.8951 8.7184 1.7321 2.0475 0.6112
2 0.0000 0 0.0000 -1.0000 -1.0000 -1.0000 -1.0000 1.9424 1.5298 4.5940 9.1374 -37.1468 1.4802 1.3961 0.6016
2 0.0000 0 0.0000 -1.0000 -1.0000 -1.0000 -1.0000 1.8872 1.4277 4.5078 -33.1001 11.7374 1.2380 3.0629 0.5513
2 0.0000 0 0.0000 -1.0000 -1.0000 -1.0000 -1.0000 2.0015 1.6721 4.6909 65.5533 21.7445 -0.5574 -0.9157 0.4976
2 0.0000 0 0.0000 -1.0000 -1.0000 -1.0000 -1.0000 1.8801 1.4348 4.5589 -41.1179 11.6834 1.4185 3.1059 0.4808
2 0.0000 0 0.0000 -1.0000 -1.0000 -1.0000 -1.0000 1.9755 1.6744 4.7323 64.4023 30.9003 -0.5737 1.2656 0.3587
2 0.0000 0 0.0000 -1.0000 -1.0000 -1.0000 -1.0000 1.9474 1.4959 4.5576 -26.7500 11.3771 1.1301 -3.1124 0.3448
3 0.0000 0 0.0000 -1.0000 -1.0000 -1.0000 -1.0000 0.8663 1.5885 1.8750 25.7010 1.4884 0.5241 2.1275 0.5134
3 0.0000 0 0.0000 -1.0000 -1.0000 -1.0000 -1.0000 0.7936 1.5649 1.8235 7.7789 -21.6979 0.9984 1.6126 0.4697
3 0.0000 0 0.0000 -1.0000 -1.0000 -1.0000 -1.0000 0.7379 1.3485 1.7199 -21.9296 13.5422 0.9008 -0.1912 0.4027
3 0.0000 0 0.0000 -1.0000 -1.0000 -1.0000 -1.0000 0.7577 1.5250 1.7862 4.9903 25.9321 0.4230 -1.2740 0.3678
3 0.0000 0 0.0000 -1.0000 -1.0000 -1.0000 -1.0000 0.6502 1.1352 1.6383 -16.1704 15.9085 0.7870 2.2865 0.3347
3 0.0000 0 0.0000 -1.0000 -1.0000 -1.0000 -1.0000 0.7012 1.3087 1.7448 -3.1588 16.5757 0.5084 -1.6470 0.3328
3 0.0000 0 0.0000 -1.0000 -1.0000 -1.0000 -1.0000 0.8396 1.6360 1.8285 27.7592 1.9988 0.5423 -1.0223 0.3187
3 0.0000 0 0.0000 -1.0000 -1.0000 -1.0000 -1.0000 0.8837 1.6117 1.9354 9.5157 -3.4282 0.7842 1.4823 0.3088
1 0.0000 0 0.0000 -1.0000 -1.0000 -1.0000 -1.0000 0.7033 1.6954 0.6646 -31.7529 22.0408 1.4859 3.0719 0.5704
1 0.0000 0 0.0000 -1.0000 -1.0000 -1.0000 -1.0000 0.7305 1.7155 0.6903 27.8722 -38.4707 1.2954 2.6828 0.3570
1 0.0000 0 0.0000 -1.0000 -1.0000 -1.0000 -1.0000 0.7224 1.6913 0.6804 -15.8590 19.4746 0.9788 0.1919 0.3514
