2 0.0000 0 0.0000 -1.0000 -1.0000 -1.0000 -1.0000 1.9259 1.4530 4.5151 -29.0968 10.8142 1.1945 -3.0619 0.7857
2 0.0000 0 0.0000 -1.0000 -1.0000 -1.0000 -1.0000 2.0051 1.9207 4.5290 2.9987 12.3726 0.7398 -2.6661 0.6850
2 0.0000 0 0.0000 -1.0000 -1.0000 -1.0000 -1.0000 1.8331 1.4442 4.4213 -35.6658 10.8895 1.3251 0.0100 0.5999
2 0.0000 0 0.0000 -1.0000 -1.0000 -1.0000 -1.0000 1.9581 1.5588 4.5818 -51.1566 8.8314 1.7657 -0.6045 0.5095
2 0.0000 0 0.0000 -1.0000 -1.0000 -1.0000 -1.0000 1.8852 1.4575 4.5369 -43.8588 10.8435 1.5282 -3.1175 0.4800
2 0.0000 0 0.0000 -1.0000 -1.0000 -1.0000 -1.0000 1.9766 1.5885 4.6260 60.1335 36.7385 -0.6851 -0.0325 0.4707
2 0.0000 0 0.0000 -1.0000 -1.0000 -1.0000 -1.0000 1.8937 1.4656 4.5528 6.9286 -36.9995 1.1894 1.5395 0.4123
2 0.0000 0 0.0000 -1.0000 -1.0000 -1.0000 -1.0000 2.0112 1.6274 4.7891 63.5269 23.2904 -0.5567 -0.8919 0.4022
2 0.0000 0 0.0000 -1.0000 -1.0000 -1.0000 -1.0000 1.9358 1.7601 4.5229 61.4133 31.9388 -0.5285 1.3295 0.3988
3 0.0000 0 0.0000 -1.0000 -1.0000 -1.0000 -1.0000 0.7763 1.5297 1.8040 5.8021 -18.0924 0.8283 1.4815 0.5086
3 0.0000 0 0.0000 -1.0000 -1.0000 -1.0000 -1.0000 0.8653 1.5629 1.9191 20.6284 4.9915 0.4805 2.3098 0.4542
3 0.0000 0 0.0000 -1.0000 -1.0000 -1.0000 -1.0000 0.7688 1.4582 1.7549 -24.5158 13.2139 0.9852 -0.2262 0.4113
3 0.0000 0 0.0000 -1.0000 -1.0000 -1.0000 -1.0000 0.7017 1.3278 1.7152 2.2959 25.9446 0.4658 -1.2641 0.3752
3 0.0000 0 0.0000 -1.0000 -1.0000 -1.0000 -1.0000 0.9088 1.6418 1.9390 7.6916 0.7951 0.7121 1.4445 0.3640
3 0.0000 0 0.0000 -1.0000 -1.0000 -1.0000 -1.0000 0.7035 1.2861 1.7088 1.3989 25.3155 0.4786 -1.2982 0.3337
3 0.0000 0 0.0000 -1.0000 -1.0000 -1.0000 -1.0000 0.8298 1.6127 1.8179 23.1286 5.1647 0.5363 -0.9609 0.3323
3 0.0000 0 0.0000 -1.0000 -1.0000 -1.0000 -1.0000 0.6848 1.1978 1.7102 -22.1349 15.7463 0.9547 1.7653 0.3320
3 0.0000 0 0.0000 -1.0000 -1.0000 -1.0000 -1.0000 0.6792 1.1697 1.6930 -19.9847 15.6571 0.9326 1.6574 0.3206
3 0.0000 0 0.0000 -1.0000 -1.0000 -1.0000 -1.0000 0.8531 1.6371 1.8014 -2.8554 20.7804 0.6888 1.0395 0.3056
1 0.0000 0 0.0000 -1.0000 -1.0000 -1.0000 -1.0000 0.7143 1.6960 0.6754 -35.4126 21.4578 1.6268 3.1008 0.5143
1 0.0000 0 0.0000 -1.0000 -1.0000 -1.0000 -1.0000 0.7007 1.6219 0.7089 18.6875 -35.7794 1.0958 1.9295 0.3052
