2 0.0000 0 0.0000 -1.0000 -1.0000 -1.0000 -1.0000 1.9593 1.5233 4.5630 40.9994 10.6141 0.7257 3.1115 0.7548
2 0.0000 0 0.0000 -1.0000 -1.0000 -1.0000 -1.0000 1.9392 1.4754 4.5857 -31.5396 -37.4048 0.9938 -1.5729 0.7037
2 0.0000 0 0.0000 -1.0000 -1.0000 -1.0000 -1.0000 1.9891 1.4375 4.5499 25.0291 10.2833 0.6504 -3.1273 0.6907
2 0.0000 0 0.0000 -1.0000 -1.0000 -1.0000 -1.0000 1.9423 1.5531 4.5424 -71.2734 7.5223 0.7807 -3.0489 0.6837
2 0.0000 0 0.0000 -1.0000 -1.0000 -1.0000 -1.0000 1.9669 1.6811 4.6149 17.8638 35.4250 0.7631 -1.6352 0.6215
2 0.0000 0 0.0000 -1.0000 -1.0000 -1.0000 -1.0000 1.9123 1.4967 4.5317 15.7274 40.5134 0.5675 -3.1048 0.4771
2 0.0000 0 0.0000 -1.0000 -1.0000 -1.0000 -1.0000 1.9335 1.7951 4.6685 -71.1786 2.7092 0.9247 0.0814 0.4495
2 0.0000 0 0.0000 -1.0000 -1.0000 -1.0000 -1.0000 1.9400 1.6437 4.6345 23.3162 28.0313 0.7527 1.5943 0.3908
2 0.0000 0 0.0000 -1.0000 -1.0000 -1.0000 -1.0000 1.9153 1.4551 4.5658 29.7423 30.0541 0.6527 0.0897 0.3477
2 0.0000 0 0.0000 -1.0000 -1.0000 -1.0000 -1.0000 1.9236 1.6029 4.5237 19.4732 26.9353 0.6905 -1.0048 0.3456
2 0.0000 0 0.0000 -1.0000 -1.0000 -1.0000 -1.0000 1.8758 1.5394 4.4899 -77.8468 7.0549 0.8321 -3.0521 0.3256
3 0.0000 0 0.0000 -1.0000 -1.0000 -1.0000 -1.0000 0.8251 1.5546 1.8635 -35.0041 6.9505 0.7570 1.8575 0.5835
3 0.0000 0 0.0000 -1.0000 -1.0000 -1.0000 -1.0000 0.8406 1.5874 1.7905 -39.3551 20.4513 0.6948 2.9085 0.5087
3 0.0000 0 0.0000 -1.0000 -1.0000 -1.0000 -1.0000 0.7574 1.5548 1.7616 -32.6639 38.6535 0.7465 -1.7289 0.4513
3 0.0000 0 0.0000 -1.0000 -1.0000 -1.0000 -1.0000 0.8261 1.5419 1.8189 -40.8712 25.3071 0.7643 -1.4219 0.4123
3 0.0000 0 0.0000 -1.0000 -1.0000 -1.0000 -1.0000 0.8843 1.6008 1.8506 -36.2742 19.7063 0.6472 -0.6262 0.3794
1 0.0000 0 0.0000 -1.0000 -1.0000 -1.0000 -1.0000 0.7068 1.7044 0.6559 -21.8020 -36.5896 1.2306 0.0172 0.3665
