2 0.0000 0 0.0000 -1.0000 -1.0000 -1.0000 -1.0000 1.8412 1.4690 4.4144 -44.6269 10.4961 1.3029 0.0418 0.6821
2 0.0000 0 0.0000 -1.0000 -1.0000 -1.0000 -1.0000 1.9579 1.8534 4.5180 -14.5712 8.6492 1.0520 -2.8951 0.6647
2 0.0000 0 0.0000 -1.0000 -1.0000 -1.0000 -1.0000 1.8985 1.4906 4.5389 -52.9220 10.1286 1.4532 0.0591 0.6085
2 0.0000 0 0.0000 -1.0000 -1.0000 -1.0000 -1.0000 1.9545 1.5790 4.6472 -63.6559 8.3169 1.7644 -3.1285 0.5981
2 0.0000 0 0.0000 -1.0000 -1.0000 -1.0000 -1.0000 1.9386 1.5003 4.6211 51.0170 37.8224 0.5054 3.1302 0.5840
2 0.0000 0 0.0000 -1.0000 -1.0000 -1.0000 -1.0000 1.9182 1.5509 4.5780 57.8236 7.3395 0.2267 3.0062 0.5686
2 0.0000 0 0.0000 -1.0000 -1.0000 -1.0000 -1.0000 1.9354 1.5205 4.5539 -1.5016 -36.4440 0.6464 -1.7561 0.5656
2 0.0000 0 0.0000 -1.0000 -1.0000 -1.0000 -1.0000 1.8879 1.4544 4.4895 -38.3291 10.4035 1.1736 -3.0246 0.5309
2 0.0000 0 0.0000 -1.0000 -1.0000 -1.0000 -1.0000 1.9591 1.7814 4.5835 52.1914 32.9758 0.6525 -1.7398 0.5129
2 0.0000 0 0.0000 -1.0000 -1.0000 -1.0000 -1.0000 2.0331 1.6124 4.7790 53.7787 24.1098 0.4551 2.4788 0.3968
2 0.0000 0 0.0000 -1.0000 -1.0000 -1.0000 -1.0000 1.9736 1.7725 4.6365 62.6637 31.2809 0.5736 0.3621 0.3390
2 0.0000 0 0.0000 -1.0000 -1.0000 -1.0000 -1.0000 1.9156 1.5502 4.6044 -53.6321 -9.9573 1.1603 -1.4672 0.3176
3 0.0000 0 0.0000 -1.0000 -1.0000 -1.0000 -1.0000 0.8169 1.5696 1.8135 -2.9648 -11.3339 0.6579 -1.2039 0.4433
3 0.0000 0 0.0000 -1.0000 -1.0000 -1.0000 -1.0000 0.8486 1.6181 1.8535 -0.7616 11.6380 0.7999 -1.2556 0.4393
3 0.0000 0 0.0000 -1.0000 -1.0000 -1.0000 -1.0000 0.9466 1.6644 1.9101 6.1703 11.0537 0.8722 -0.7603 0.3994
3 0.0000 0 0.0000 -1.0000 -1.0000 -1.0000 -1.0000 0.6896 1.3587 1.6554 -33.5219 12.6884 1.0383 -0.7021 0.3966
3 0.0000 0 0.0000 -1.0000 -1.0000 -1.0000 -1.0000 0.6658 1.1623 1.6714 -29.3255 15.5337 0.9780 1.7805 0.3064
1 0.0000 0 0.0000 -1.0000 -1.0000 -1.0000 -1.0000 0.6966 1.6849 0.6396 14.3964 -37.4213 0.6575 2.8708 0.5302
1 0.0000 0 0.0000 -1.0000 -1.0000 -1.0000 -1.0000 0.6791 1.6379 0.6144 12.2413 -35.6710 0.6410 2.9354 0.4421
1 0.0000 0 0.0000 -1.0000 -1.0000 -1.0000 -1.0000 0.7174 1.7132 0.6672 -46.7312 20.7115 1.7548 3.1335 0.3405
