2 0.0000 0 0.0000 -1.0000 -1.0000 -1.0000 -1.0000 2.0299 1.4998 4.5943 19.3302 10.8716 0.6468 -0.0032 0.6464
2 0.0000 0 0.0000 -1.0000 -1.0000 -1.0000 -1.0000 1.9031 1.5381 4.5626 -46.4535 -37.5026 1.3694 -1.5301 0.5667
2 0.0000 0 0.0000 -1.0000 -1.0000 -1.0000 -1.0000 1.9799 1.6833 4.6555 74.7913 18.1122 0.4211 0.0259 0.5535
2 0.0000 0 0.0000 -1.0000 -1.0000 -1.0000 -1.0000 1.9438 1.4326 4.5090 9.6771 10.4040 0.6242 -3.1275 0.4841
2 0.0000 0 0.0000 -1.0000 -1.0000 -1.0000 -1.0000 1.9139 1.7010 4.4953 2.3229 35.7845 0.4692 1.4538 0.4820
2 0.0000 0 0.0000 -1.0000 -1.0000 -1.0000 -1.0000 1.9150 1.5889 4.5012 4.2574 26.8547 0.4747 -0.9802 0.4390
2 0.0000 0 0.0000 -1.0000 -1.0000 -1.0000 -1.0000 1.9255 1.5208 4.5702 4.6014 34.9425 0.3844 1.4203 0.4357
2 0.0000 0 0.0000 -1.0000 -1.0000 -1.0000 -1.0000 1.8984 1.6686 4.5489 11.8503 33.7293 0.5610 1.4813 0.4266
2 0.0000 0 0.0000 -1.0000 -1.0000 -1.0000 -1.0000 1.8961 1.6991 4.5261 7.3725 28.1815 0.5580 -1.0930 0.3142
3 0.0000 0 0.0000 -1.0000 -1.0000 -1.0000 -1.0000 0.7756 1.5459 1.7895 -51.1186 14.4620 0.5317 -1.2231 0.6117
3 0.0000 0 0.0000 -1.0000 -1.0000 -1.0000 -1.0000 0.8334 1.5560 1.8425 -56.7898 20.8035 0.6498 -0.1604 0.3819
3 0.0000 0 0.0000 -1.0000 -1.0000 -1.0000 -1.0000 0.7834 1.5350 1.7788 -56.3727 24.4704 0.6376 1.4616 0.3618
3 0.0000 0 0.0000 -1.0000 -1.0000 -1.0000 -1.0000 0.6768 1.2802 1.6993 -55.8831 28.1519 0.4980 -1.6009 0.3617
3 0.0000 0 0.0000 -1.0000 -1.0000 -1.0000 -1.0000 0.7670 1.4996 1.7415 -60.4001 21.4555 0.6841 -0.2620 0.3366
1 0.0000 0 0.0000 -1.0000 -1.0000 -1.0000 -1.0000 0.7333 1.6391 0.8129 -27.0713 -33.9453 1.3396 -1.6720 0.3088
