2 0.0000 0 0.0000 -1.0000 -1.0000 -1.0000 -1.0000 1.9513 1.5171 4.4963 -41.6170 10.1185 0.9658 -3.0225 0.7696
2 0.0000 0 0.0000 -1.0000 -1.0000 -1.0000 -1.0000 1.9742 1.4531 4.5687 54.8360 7.8634 0.6568 0.0424 0.6604
2 0.0000 0 0.0000 -1.0000 -1.0000 -1.0000 -1.0000 1.9229 1.7972 4.4575 48.4023 33.5220 1.0579 1.4977 0.5879
2 0.0000 0 0.0000 -1.0000 -1.0000 -1.0000 -1.0000 1.8600 1.4836 4.4594 -48.1682 10.0604 1.0473 -3.0918 0.5480
2 0.0000 0 0.0000 -1.0000 -1.0000 -1.0000 -1.0000 1.9541 1.4340 4.5551 47.1981 38.6210 0.8729 -3.0853 0.5440
2 0.0000 0 0.0000 -1.0000 -1.0000 -1.0000 -1.0000 1.8431 1.4820 4.4566 -56.1394 9.7286 1.1346 -0.0048 0.5121
2 0.0000 0 0.0000 -1.0000 -1.0000 -1.0000 -1.0000 1.8813 1.4774 4.5036 -57.1309 -8.3858 0.7127 -1.3346 0.5098
2 0.0000 0 0.0000 -1.0000 -1.0000 -1.0000 -1.0000 1.9294 1.9297 4.4664 -20.5023 7.7062 0.9984 -2.9256 0.5025
2 0.0000 0 0.0000 -1.0000 -1.0000 -1.0000 -1.0000 1.9824 1.7593 4.5708 59.0510 31.9728 1.0869 0.2346 0.5004
2 0.0000 0 0.0000 -1.0000 -1.0000 -1.0000 -1.0000 1.9822 1.5244 4.6924 -67.4796 7.5179 1.3505 -3.0658 0.4894
2 0.0000 0 0.0000 -1.0000 -1.0000 -1.0000 -1.0000 1.9445 1.4700 4.6397 -4.1710 -36.7344 0.6688 -1.7673 0.4783
2 0.0000 0 0.0000 -1.0000 -1.0000 -1.0000 -1.0000 1.9709 1.6016 4.6816 50.1103 24.4688 0.8144 -0.9443 0.3898
5 0.0000 0 0.0000 -1.0000 -1.0000 -1.0000 -1.0000 1.5934 1.8941 3.5737 70.9240 -10.9956 0.7875 -0.1074 0.3595
3 0.0000 0 0.0000 -1.0000 -1.0000 -1.0000 -1.0000 0.8420 1.6406 1.7960 -3.9872 14.9090 0.8096 -1.8351 0.4943
3 0.0000 0 0.0000 -1.0000 -1.0000 -1.0000 -1.0000 0.8704 1.6416 1.8024 2.5790 13.6757 0.9385 -0.7216 0.4758
3 0.0000 0 0.0000 -1.0000 -1.0000 -1.0000 -1.0000 0.8084 1.5509 1.7958 -6.2094 -9.3753 0.6919 -1.2875 0.4393
3 0.0000 0 0.0000 -1.0000 -1.0000 -1.0000 -1.0000 0.7215 1.3129 1.7309 -14.1875 25.7211 1.0086 -1.2727 0.4320
3 0.0000 0 0.0000 -1.0000 -1.0000 -1.0000 -1.0000 0.6736 1.2754 1.6727 -36.9926 12.5370 0.9351 -1.0808 0.3566
3 0.0000 0 0.0000 -1.0000 -1.0000 -1.0000 -1.0000 0.7010 1.3778 1.7335 -15.7087 20.5424 0.9470 1.4915 0.3143
1 0.0000 0 0.0000 -1.0000 -1.0000 -1.0000 -1.0000 0.7040 1.6814 0.6522 10.8337 -37.0696 0.7991 0.3493 0.4432
