2 0.0000 0 0.0000 -1.0000 -1.0000 -1.0000 -1.0000 1.9840 1.4214 4.6375 3.0453 10.9945 0.6796 0.0016 0.7900
2 0.0000 0 0.0000 -1.0000 -1.0000 -1.0000 -1.0000 1.8924 1.5128 4.5621 0.4562 29.7623 0.3032 3.0689 0.5859
2 0.0000 0 0.0000 -1.0000 -1.0000 -1.0000 -1.0000 1.9817 1.4340 4.5925 -3.9854 10.4722 0.5783 0.0094 0.5203
2 0.0000 0 0.0000 -1.0000 -1.0000 -1.0000 -1.0000 1.8899 1.5699 4.5102 -0.9074 33.4821 0.3790 -1.9220 0.3982
2 0.0000 0 0.0000 -1.0000 -1.0000 -1.0000 -1.0000 2.0229 1.9777 4.7862 60.9090 18.3665 1.1806 3.1138 0.3811
2 0.0000 0 0.0000 -1.0000 -1.0000 -1.0000 -1.0000 1.8742 1.5329 4.5169 79.8687 27.7837 0.8079 1.6704 0.3295
2 0.0000 0 0.0000 -1.0000 -1.0000 -1.0000 -1.0000 1.8961 1.5541 4.4966 -9.8208 26.9840 0.2038 2.5695 0.3272
2 0.0000 0 0.0000 -1.0000 -1.0000 -1.0000 -1.0000 1.8673 1.6997 4.4240 -6.3292 27.9694 0.3578 -1.0559 0.3071
1 0.0000 0 0.0000 -1.0000 -1.0000 -1.0000 -1.0000 0.7081 1.6401 0.6752 -39.1550 -33.8040 1.1333 -3.0722 0.5089
1 0.0000 0 0.0000 -1.0000 -1.0000 -1.0000 -1.0000 0.7210 1.6824 0.6673 -54.7789 -35.9912 1.0572 3.0399 0.3459
